  0.056287  0.056463  0.151781  0.056887  0.056473  0.056453  0.056281  0.056303  0.056389  0.056684  0.058045  0.056697  0.056309  0.056303  0.056334  0.056312
  0.056367  0.056772  0.151799  0.056939  0.056403  0.056453  0.056353  0.056355  0.056457  0.056381  0.057786  0.056561  0.056329  0.056342  0.056372  0.056330
  0.056344  0.056673  0.151935  0.056368  0.056378  0.056394  0.056373  0.056345  0.056323  0.056466  0.058480  0.056536  0.056346  0.056338  0.056355  0.056344
  0.056433  0.056532  0.151990  0.056335  0.056436  0.056531  0.056366  0.056363  0.056475  0.056524  0.057525  0.056933  0.056441  0.056357  0.056383  0.056376
  0.056323  0.057082  0.151798  0.056260  0.056377  0.056323  0.056237  0.056288  0.056302  0.056390  0.058021  0.057507  0.056297  0.056270  0.056268  0.056255
  0.056412  0.056583  0.151069  0.056369  0.056501  0.056401  0.056309  0.056392  0.056342  0.056438  0.059113  0.056469  0.056362  0.056352  0.056418  0.056472
  0.056508  0.058051  0.142379  0.056623  0.056934  0.056590  0.056520  0.056503  0.056409  0.056625  0.057115  0.063443  0.056487  0.056437  0.056796  0.056581
  0.053548  0.089919  0.140758  0.054029  0.067032  0.054872  0.053626  0.053877  0.054842  0.053597  0.054777  0.053712  0.053985  0.053592  0.054220  0.053614
  0.054532  0.113577  0.112417  0.055096  0.055110  0.054707  0.054755  0.054437  0.054789  0.060188  0.054911  0.055164  0.054541  0.055631  0.055670  0.054475
  0.060517  0.062662  0.070844  0.064008  0.060747  0.061615  0.061689  0.060973  0.060623  0.065962  0.060995  0.065197  0.060958  0.061731  0.060991  0.060488
  0.060763  0.058891  0.064526  0.056975  0.057268  0.060568  0.061807  0.057148  0.056927  0.057354  0.056846  0.058112  0.063182  0.062439  0.110430  0.056763
  0.054515  0.056998  0.056133  0.055317  0.054941  0.061060  0.054626  0.054567  0.054418  0.055287  0.055060  0.077446  0.055188  0.054597  0.145451  0.054397
  0.051845  0.051161  0.054222  0.051358  0.073628  0.108963  0.051778  0.051271  0.051832  0.051803  0.051322  0.053713  0.056070  0.051838  0.138048  0.051148
  0.050952  0.050827  0.054494  0.050876  0.084121  0.102201  0.051077  0.050854  0.050853  0.052412  0.057567  0.050906  0.050868  0.054163  0.137006  0.050825
  0.052981  0.052997  0.053845  0.053024  0.088818  0.075817  0.053014  0.052983  0.052987  0.052993  0.054563  0.053023  0.053992  0.053065  0.142958  0.052937
  0.055100  0.056184  0.057107  0.055667  0.055729  0.066073  0.055065  0.055094  0.055181  0.055208  0.055345  0.055200  0.061164  0.062943  0.143857  0.055083
  0.052082  0.052979  0.052157  0.052126  0.052632  0.092026  0.052076  0.052428  0.052234  0.052318  0.053848  0.053448  0.084514  0.060102  0.132957  0.052071
  0.053716  0.054188  0.054290  0.053679  0.060382  0.109466  0.054113  0.054091  0.053772  0.053695  0.053725  0.053704  0.055602  0.053743  0.128238  0.053596
  0.059501  0.052023  0.052500  0.052216  0.052580  0.132034  0.052588  0.052182  0.052229  0.056949  0.052836  0.052960  0.052186  0.054902  0.120381  0.051932
  0.060375  0.057890  0.060425  0.056923  0.057479  0.144070  0.055238  0.057180  0.055282  0.056401  0.055040  0.055230  0.055953  0.055127  0.062519  0.054868
  0.082689  0.059626  0.057735  0.056749  0.068250  0.059412  0.065732  0.087361  0.056824  0.057230  0.057271  0.060451  0.059867  0.056866  0.057208  0.056729
  0.073748  0.054063  0.053399  0.053498  0.078739  0.053494  0.121921  0.058594  0.053185  0.069692  0.055195  0.057529  0.054279  0.053745  0.055766  0.053152
  0.081748  0.060350  0.060620  0.063167  0.060987  0.059362  0.063204  0.069899  0.059317  0.059355  0.059593  0.062928  0.059795  0.060341  0.059713  0.059622
  0.070575  0.059049  0.078754  0.058365  0.058852  0.059214  0.062786  0.058348  0.059159  0.058561  0.058647  0.083621  0.059117  0.058307  0.058420  0.058225
  0.061591  0.081808  0.057450  0.061079  0.081552  0.056337  0.058887  0.057371  0.056519  0.061311  0.057741  0.081861  0.057574  0.056384  0.056449  0.056087
  0.062398  0.075214  0.064770  0.058197  0.086859  0.058393  0.061078  0.060263  0.057926  0.058679  0.060631  0.061438  0.058810  0.057731  0.059868  0.057744
  0.063666  0.065668  0.061743  0.062222  0.062051  0.061532  0.061351  0.062709  0.064298  0.062464  0.061725  0.064903  0.061498  0.061280  0.061445  0.061445
  0.054614  0.066629  0.054538  0.055498  0.055397  0.057166  0.055329  0.054739  0.054980  0.054462  0.054813  0.062207  0.054506  0.064922  0.145864  0.054337
  0.053962  0.060968  0.064321  0.055467  0.053637  0.067911  0.053595  0.053763  0.055191  0.053533  0.053708  0.054408  0.053672  0.079904  0.132457  0.053502
  0.052149  0.062779  0.055474  0.054405  0.059715  0.052237  0.052248  0.052145  0.052149  0.052130  0.052168  0.052334  0.073538  0.087134  0.137303  0.052091
  0.055059  0.061028  0.055210  0.055136  0.056003  0.060464  0.055303  0.055118  0.055276  0.055178  0.055726  0.055576  0.075210  0.056004  0.138676  0.055035
  0.060176  0.068935  0.060079  0.060172  0.061764  0.069247  0.060191  0.061672  0.060035  0.061449  0.060784  0.060397  0.061485  0.073299  0.060304  0.060011
  0.056969  0.060950  0.056854  0.056651  0.073480  0.118175  0.057108  0.057373  0.056484  0.059441  0.056637  0.057287  0.056855  0.060250  0.059035  0.056450
  0.056675  0.059414  0.060164  0.055892  0.055269  0.144583  0.055412  0.063806  0.055250  0.056009  0.056050  0.056390  0.058647  0.056017  0.055313  0.055109
  0.055192  0.056005  0.055067  0.057188  0.055150  0.142855  0.055493  0.062424  0.055069  0.055782  0.055243  0.067525  0.060032  0.056910  0.055092  0.054973
  0.054577  0.054405  0.064066  0.143180  0.065454  0.055435  0.057362  0.056659  0.054260  0.054548  0.054665  0.065145  0.056447  0.055565  0.054122  0.054112
  0.059413  0.054785  0.073369  0.144331  0.068661  0.057016  0.054058  0.054190  0.054822  0.054825  0.054358  0.054023  0.054111  0.054190  0.054029  0.053820
  0.056365  0.052199  0.064507  0.139591  0.101029  0.052716  0.053767  0.052629  0.051936  0.055839  0.052327  0.057470  0.052577  0.052305  0.052652  0.052090
  0.053944  0.055516  0.063630  0.137409  0.107909  0.051351  0.053329  0.051750  0.051084  0.054403  0.052087  0.062560  0.051213  0.051616  0.051093  0.051106
  0.056141  0.051328  0.056970  0.136021  0.052915  0.052650  0.051086  0.054850  0.051036  0.095972  0.051316  0.084619  0.051245  0.051756  0.051242  0.050853
  0.052029  0.049382  0.080995  0.121690  0.101157  0.066725  0.048842  0.048969  0.053006  0.052544  0.069286  0.052254  0.048825  0.055617  0.049653  0.049027
  0.052144  0.052094  0.059580  0.072647  0.053358  0.060462  0.053516  0.052919  0.052475  0.052905  0.052208  0.060519  0.052413  0.140007  0.080835  0.051919
  0.051344  0.051519  0.051766  0.058833  0.094018  0.087470  0.052374  0.052381  0.051817  0.051463  0.051513  0.051479  0.051477  0.138784  0.052396  0.051365
  0.056015  0.056281  0.056140  0.056416  0.056565  0.058302  0.056271  0.056036  0.055905  0.056012  0.056038  0.055973  0.059327  0.151631  0.057128  0.055959
  0.055095  0.056290  0.055137  0.055297  0.076573  0.055433  0.055056  0.055278  0.055041  0.055298  0.055592  0.055292  0.055083  0.149386  0.055095  0.055055
  0.056380  0.056530  0.056391  0.056372  0.056468  0.056939  0.056376  0.056377  0.056371  0.056377  0.056786  0.056420  0.056394  0.153047  0.056401  0.056370
  0.056341  0.056520  0.056455  0.056355  0.056392  0.057321  0.056341  0.056340  0.056340  0.056343  0.056819  0.056365  0.056352  0.152984  0.056394  0.056335
  0.056379  0.059002  0.056901  0.056098  0.056284  0.056187  0.056188  0.056067  0.056281  0.056053  0.056202  0.056537  0.056292  0.152039  0.057480  0.056010
  0.055719  0.058261  0.056142  0.056034  0.058960  0.055753  0.056536  0.055785  0.055901  0.055894  0.055811  0.056260  0.059434  0.151031  0.056784  0.055694
  0.055790  0.056466  0.056051  0.056022  0.057891  0.058462  0.056085  0.056262  0.055667  0.055660  0.055971  0.055941  0.061360  0.150823  0.055888  0.055663
  0.053649  0.054477  0.054278  0.053712  0.073214  0.054240  0.053790  0.055735  0.053577  0.053970  0.053862  0.056348  0.064258  0.144855  0.066386  0.053651
  0.053737  0.056521  0.053920  0.053987  0.087537  0.057135  0.053901  0.055428  0.053938  0.057433  0.054300  0.054273  0.056722  0.143336  0.054044  0.053786
  0.056315  0.078428  0.056479  0.056884  0.058039  0.066263  0.056468  0.057296  0.056783  0.056895  0.056424  0.056690  0.060440  0.113434  0.056748  0.056414
  0.058631  0.064701  0.058793  0.060789  0.058833  0.069059  0.058332  0.058681  0.058997  0.058706  0.058373  0.059763  0.059876  0.088976  0.069040  0.058450
  0.060950  0.065005  0.062467  0.064242  0.075792  0.063933  0.060159  0.060274  0.060356  0.060129  0.062913  0.060472  0.060311  0.062099  0.060794  0.060105
  0.055503  0.061686  0.058598  0.057793  0.106949  0.109860  0.054569  0.054670  0.054612  0.054521  0.056704  0.054873  0.054623  0.055113  0.055419  0.054507
  0.054149  0.059987  0.060409  0.056520  0.097906  0.128811  0.053666  0.053747  0.053523  0.054403  0.055712  0.055218  0.054093  0.054206  0.054197  0.053453
  0.053322  0.058658  0.060220  0.056188  0.095110  0.139074  0.053206  0.053421  0.053013  0.054169  0.054094  0.054883  0.053433  0.053169  0.055014  0.053027
  0.053841  0.054979  0.060396  0.054999  0.097685  0.139707  0.053257  0.055122  0.053192  0.054938  0.053957  0.053909  0.053898  0.053279  0.053589  0.053251
  0.053172  0.054545  0.076828  0.053301  0.078439  0.136971  0.053133  0.053734  0.052989  0.053242  0.054184  0.053628  0.053410  0.066187  0.053202  0.053034
  0.054019  0.055005  0.075009  0.054176  0.067604  0.110024  0.054106  0.055315  0.053941  0.054223  0.055307  0.054891  0.054473  0.093622  0.054312  0.053975
  0.057793  0.059149  0.068148  0.057981  0.058167  0.061547  0.057834  0.059512  0.057859  0.058030  0.058134  0.058545  0.058038  0.109210  0.062271  0.057782
  0.059774  0.063637  0.060420  0.061291  0.060290  0.063460  0.059920  0.063954  0.059907  0.060262  0.059872  0.063562  0.060661  0.060011  0.083272  0.059707
  0.060187  0.063916  0.060740  0.060863  0.069778  0.060441  0.060316  0.070090  0.061053  0.061567  0.060612  0.060859  0.060624  0.067498  0.061338  0.060119
  0.059491  0.068442  0.060726  0.062592  0.074358  0.069801  0.059402  0.060820  0.059488  0.059919  0.059869  0.065219  0.060142  0.060693  0.059816  0.059224
  0.051927  0.095156  0.052370  0.054717  0.080040  0.135485  0.051820  0.052581  0.051844  0.051835  0.051932  0.058509  0.052401  0.051971  0.055587  0.051825
  0.055016  0.059847  0.055810  0.057778  0.062991  0.147447  0.054830  0.056051  0.054741  0.057634  0.054870  0.060213  0.056946  0.055616  0.055482  0.054730
  0.054797  0.058390  0.055192  0.056033  0.064134  0.147163  0.054620  0.054837  0.054539  0.069919  0.054933  0.055854  0.055801  0.054581  0.054745  0.054461
  0.055342  0.055528  0.056303  0.055803  0.065436  0.149557  0.055442  0.056091  0.055357  0.059644  0.055711  0.055832  0.056316  0.056041  0.056226  0.055371
  0.053988  0.054185  0.054672  0.054118  0.073337  0.143844  0.054176  0.054015  0.054002  0.055078  0.054193  0.063266  0.054752  0.068138  0.054255  0.053983
  0.050594  0.051066  0.053339  0.050724  0.059426  0.110186  0.050559  0.050659  0.050615  0.050709  0.052270  0.081700  0.050857  0.135935  0.050816  0.050546
  0.049655  0.049754  0.051765  0.049682  0.107791  0.049827  0.049596  0.049623  0.049681  0.050365  0.049677  0.092776  0.050417  0.134390  0.065366  0.049637
  0.051306  0.051580  0.051448  0.051850  0.137114  0.052860  0.051247  0.051533  0.051266  0.052884  0.051270  0.052233  0.051712  0.138982  0.051416  0.051298
  0.051414  0.052343  0.051644  0.051435  0.139059  0.051563  0.051476  0.051373  0.051363  0.051566  0.051433  0.051468  0.051519  0.139461  0.051522  0.051360
  0.051286  0.052874  0.051298  0.051294  0.138998  0.052676  0.051316  0.051311  0.051276  0.051454  0.051597  0.051322  0.051381  0.139252  0.051396  0.051267
  0.051387  0.051501  0.051397  0.051372  0.139399  0.052398  0.051371  0.051386  0.051388  0.051375  0.051678  0.051392  0.051643  0.139559  0.051386  0.051368
  0.051386  0.051373  0.051368  0.051373  0.139424  0.052800  0.051370  0.051375  0.051366  0.051368  0.051655  0.051416  0.051422  0.139555  0.051381  0.051367
  0.051373  0.051362  0.051453  0.051364  0.139404  0.052925  0.051363  0.051377  0.051356  0.051375  0.051602  0.051417  0.051372  0.139529  0.051365  0.051362
  0.051379  0.051385  0.051514  0.051376  0.139448  0.052554  0.051378  0.051382  0.051371  0.051393  0.051616  0.051479  0.051398  0.139569  0.051378  0.051380
  0.051374  0.051419  0.051597  0.051378  0.139455  0.052284  0.051374  0.051375  0.051371  0.051393  0.051573  0.051671  0.051397  0.139570  0.051383  0.051385
  0.051367  0.051426  0.051571  0.051370  0.139433  0.052309  0.051363  0.051365  0.051363  0.051416  0.051530  0.051807  0.051370  0.139547  0.051384  0.051379
  0.051353  0.051414  0.051413  0.051359  0.139369  0.052188  0.051345  0.051346  0.051363  0.051471  0.051477  0.051837  0.051381  0.139487  0.051842  0.051354
  0.051331  0.051396  0.051337  0.051322  0.139280  0.052098  0.051354  0.051351  0.051361  0.051970  0.051445  0.051834  0.051478  0.139425  0.051690  0.051328
  0.051360  0.051406  0.051359  0.051366  0.139307  0.052100  0.051398  0.051365  0.051382  0.051797  0.051465  0.051777  0.051418  0.139493  0.051635  0.051372
  0.051382  0.051488  0.051404  0.051405  0.139259  0.052251  0.051428  0.051406  0.051381  0.051441  0.051500  0.051618  0.051396  0.139580  0.051668  0.051395
  0.051418  0.051655  0.051446  0.051431  0.139111  0.052011  0.051509  0.051460  0.051411  0.051414  0.051509  0.051689  0.051398  0.139615  0.051518  0.051406
  0.051594  0.051982  0.051612  0.051586  0.136798  0.051733  0.051619  0.051696  0.051594  0.051604  0.051639  0.051666  0.051589  0.140108  0.051588  0.051591
  0.052938  0.053532  0.052950  0.052930  0.114189  0.053036  0.052979  0.053089  0.052936  0.052949  0.052939  0.052946  0.052938  0.143780  0.052931  0.052936
  0.056398  0.056735  0.056399  0.056398  0.056552  0.056591  0.056447  0.056410  0.056397  0.056418  0.056402  0.056415  0.056416  0.153200  0.056426  0.056396
  0.056394  0.056826  0.056395  0.056391  0.056399  0.056710  0.056427  0.056395  0.056391  0.056402  0.056392  0.056426  0.056411  0.153184  0.056464  0.056392
  0.056396  0.056689  0.056397  0.056396  0.056397  0.056861  0.056405  0.056397  0.056395  0.056400  0.056416  0.056425  0.056400  0.153199  0.056430  0.056396
  0.056366  0.056625  0.056369  0.056367  0.056374  0.057352  0.056369  0.056365  0.056365  0.056366  0.056439  0.056393  0.056366  0.153125  0.056392  0.056367
  0.056360  0.056639  0.056364  0.056361  0.056375  0.057402  0.056360  0.056362  0.056360  0.056361  0.056452  0.056361  0.056385  0.153109  0.056386  0.056361
  0.056380  0.056767  0.056381  0.056380  0.056384  0.057084  0.056388  0.056389  0.056379  0.056381  0.056385  0.056380  0.056379  0.153168  0.056394  0.056380
  0.056383  0.056751  0.056385  0.056383  0.056384  0.057006  0.056394  0.056402  0.056383  0.056386  0.056385  0.056389  0.056389  0.153179  0.056419  0.056384
  0.056383  0.056755  0.056386  0.056382  0.056383  0.056984  0.056405  0.056393  0.056382  0.056385  0.056385  0.056391  0.056390  0.153178  0.056435  0.056383
  0.056378  0.056718  0.056381  0.056378  0.056378  0.057073  0.056394  0.056393  0.056378  0.056386  0.056382  0.056399  0.056382  0.153168  0.056433  0.056378
  0.056379  0.056747  0.056383  0.056378  0.056380  0.057038  0.056400  0.056391  0.056378  0.056390  0.056383  0.056411  0.056379  0.153167  0.056418  0.056378
  0.056381  0.056798  0.056386  0.056378  0.056393  0.056925  0.056408  0.056399  0.056378  0.056408  0.056382  0.056427  0.056395  0.153163  0.056400  0.056378
  0.056360  0.056651  0.056361  0.056359  0.056364  0.057314  0.056380  0.056374  0.056357  0.056385  0.056483  0.056376  0.056361  0.153096  0.056422  0.056358
  0.056384  0.056640  0.056390  0.056383  0.056388  0.056752  0.056397  0.056394  0.056382  0.056393  0.056781  0.056387  0.056397  0.153136  0.056414  0.056383
  0.056340  0.056559  0.056377  0.056350  0.056357  0.056521  0.056348  0.056371  0.056345  0.056341  0.057579  0.056354  0.056515  0.152959  0.056350  0.056333
  0.056227  0.056296  0.056248  0.056196  0.056226  0.059165  0.056194  0.056263  0.056190  0.056250  0.056697  0.056227  0.056404  0.152208  0.057017  0.056193
  0.055122  0.055548  0.055295  0.055193  0.055125  0.078171  0.055157  0.055204  0.055093  0.055124  0.055386  0.055145  0.056530  0.134421  0.068391  0.055095
  0.052721  0.053089  0.052979  0.052966  0.075961  0.109133  0.052865  0.052825  0.052717  0.052729  0.055073  0.052991  0.055376  0.082647  0.093209  0.052718
  0.052221  0.052731  0.052340  0.052640  0.075312  0.076176  0.052400  0.052354  0.052324  0.052261  0.058121  0.053567  0.053271  0.120924  0.091126  0.052232
  0.053940  0.054060  0.054838  0.054379  0.056168  0.085059  0.054190  0.054119  0.054169  0.054001  0.056618  0.055226  0.054413  0.102971  0.101915  0.053933
  0.054527  0.054763  0.054836  0.054488  0.076708  0.058631  0.054486  0.054609  0.054493  0.054492  0.054525  0.054505  0.054532  0.147704  0.062216  0.054487
  0.053566  0.053670  0.053369  0.053353  0.105956  0.054044  0.053356  0.053465  0.053311  0.053461  0.053440  0.053326  0.053481  0.144578  0.054307  0.053317
  0.051551  0.054914  0.051482  0.051596  0.133678  0.052999  0.051479  0.051559  0.051487  0.051513  0.051937  0.051868  0.051452  0.139580  0.051474  0.051429
  0.051490  0.053020  0.051552  0.051493  0.133934  0.054735  0.051502  0.051456  0.051508  0.051488  0.051697  0.051711  0.051531  0.139711  0.051712  0.051460
  0.051276  0.054718  0.051294  0.051311  0.138465  0.051354  0.051278  0.051262  0.051264  0.051605  0.051394  0.051468  0.051409  0.139177  0.051411  0.051313
  0.051309  0.053909  0.051366  0.051286  0.138461  0.051359  0.051434  0.051390  0.051293  0.051920  0.051407  0.051626  0.051328  0.139261  0.051307  0.051347
  0.051512  0.052602  0.051488  0.051545  0.138449  0.051558  0.051412  0.051480  0.051438  0.051465  0.051565  0.051435  0.051414  0.139538  0.051601  0.051496
  0.051596  0.051671  0.051433  0.051853  0.137191  0.051914  0.051339  0.051403  0.051359  0.051652  0.051979  0.051328  0.052974  0.139258  0.051719  0.051331
  0.049243  0.049204  0.051297  0.049450  0.121333  0.091307  0.049012  0.049172  0.049069  0.049125  0.051893  0.049182  0.049158  0.132978  0.059530  0.049048
  0.048813  0.049958  0.058235  0.055767  0.057519  0.119341  0.048847  0.049284  0.049000  0.049294  0.050852  0.068300  0.048999  0.120180  0.076830  0.048783
  0.061266  0.056703  0.064702  0.056962  0.057029  0.080251  0.056679  0.056708  0.056718  0.063220  0.062111  0.094377  0.056721  0.058901  0.061186  0.056468
  0.045848  0.104269  0.113137  0.045943  0.046990  0.046127  0.046672  0.046197  0.045984  0.113444  0.046693  0.113133  0.046861  0.045879  0.047038  0.045786
  0.053660  0.071954  0.054438  0.054355  0.053392  0.053186  0.053223  0.053407  0.053069  0.091679  0.054268  0.139184  0.053411  0.053740  0.053959  0.053076
  0.057219  0.057490  0.058375  0.057967  0.057324  0.057218  0.057085  0.057599  0.057511  0.134165  0.057468  0.057575  0.059102  0.057223  0.059574  0.057106
  0.056278  0.064114  0.056377  0.056600  0.056015  0.059071  0.055954  0.056295  0.055734  0.145137  0.056657  0.056411  0.055869  0.055940  0.057897  0.055649
  0.059743  0.059859  0.060577  0.060029  0.059592  0.098296  0.059469  0.062111  0.060136  0.059802  0.060757  0.059546  0.059625  0.060801  0.060146  0.059510
  0.052224  0.052769  0.055180  0.052206  0.053962  0.052511  0.052244  0.052075  0.052105  0.052575  0.054934  0.052468  0.052368  0.138618  0.121764  0.051998
  0.051601  0.051654  0.057531  0.052034  0.051682  0.052063  0.051577  0.051598  0.051557  0.051613  0.051686  0.051902  0.057715  0.139726  0.124547  0.051516
  0.055532  0.056119  0.055600  0.055567  0.067634  0.055901  0.055800  0.055594  0.055551  0.056053  0.056162  0.055640  0.055602  0.150683  0.057035  0.055527
  0.056311  0.057183  0.056367  0.056319  0.056674  0.056385  0.056336  0.056329  0.056315  0.056793  0.056583  0.056327  0.056401  0.152954  0.056412  0.056310
  0.056310  0.057699  0.056321  0.056308  0.056607  0.056788  0.056314  0.056315  0.056307  0.056321  0.056331  0.056395  0.056320  0.152969  0.056385  0.056310
  0.056363  0.057109  0.056363  0.056360  0.056402  0.056750  0.056390  0.056396  0.056360  0.056361  0.056384  0.056450  0.056387  0.153121  0.056445  0.056360
  0.056326  0.056880  0.056339  0.056317  0.057286  0.056710  0.056374  0.056340  0.056325  0.056321  0.056327  0.056399  0.056321  0.153005  0.056411  0.056317
  0.056377  0.056850  0.056388  0.056373  0.056395  0.056824  0.056403  0.056387  0.056374  0.056410  0.056383  0.056416  0.056373  0.153147  0.056528  0.056372
  0.056086  0.056724  0.056140  0.056092  0.059573  0.057528  0.056179  0.056139  0.056085  0.056258  0.056261  0.056097  0.056088  0.152341  0.056325  0.056085
  0.056255  0.056708  0.056279  0.056264  0.056336  0.058096  0.056325  0.056273  0.056254  0.056433  0.056684  0.056272  0.056324  0.152760  0.056482  0.056254
  0.055803  0.056024  0.055872  0.055839  0.057154  0.062575  0.055829  0.055826  0.055832  0.055997  0.056280  0.055950  0.056555  0.151354  0.057311  0.055799
  0.055870  0.056049  0.055971  0.056058  0.059036  0.058099  0.055881  0.055915  0.055889  0.056023  0.057263  0.056588  0.057050  0.151161  0.057274  0.055871
  0.055285  0.055514  0.055337  0.055346  0.056873  0.067329  0.055291  0.055321  0.055333  0.055426  0.056082  0.055372  0.055419  0.149750  0.061034  0.055286
  0.056241  0.056708  0.056240  0.056261  0.056333  0.058492  0.056258  0.056289  0.056245  0.056338  0.056561  0.056265  0.056378  0.152548  0.056608  0.056235
  0.056116  0.056708  0.056106  0.056119  0.056437  0.060900  0.056127  0.056144  0.056108  0.056120  0.056241  0.056111  0.056211  0.152321  0.056125  0.056106
  0.056336  0.056751  0.056338  0.056359  0.056825  0.057105  0.056337  0.056371  0.056330  0.056340  0.056561  0.056339  0.056342  0.152982  0.056353  0.056333
  0.056388  0.056787  0.056397  0.056387  0.056485  0.056695  0.056488  0.056394  0.056383  0.056441  0.056456  0.056386  0.056402  0.153137  0.056389  0.056384
  0.056405  0.056538  0.056413  0.056402  0.056497  0.056686  0.056485  0.056413  0.056408  0.056430  0.056471  0.056407  0.056413  0.153212  0.056415  0.056405
  0.056380  0.056647  0.056400  0.056378  0.056414  0.056974  0.056491  0.056380  0.056382  0.056380  0.056451  0.056383  0.056400  0.153156  0.056404  0.056381
  0.056343  0.056710  0.056354  0.056342  0.056371  0.057574  0.056376  0.056343  0.056342  0.056341  0.056415  0.056345  0.056342  0.153064  0.056396  0.056342
  0.056373  0.056847  0.056385  0.056371  0.056409  0.056934  0.056469  0.056375  0.056375  0.056375  0.056413  0.056376  0.056371  0.153142  0.056413  0.056372
  0.056357  0.056967  0.056372  0.056356  0.056364  0.057104  0.056426  0.056365  0.056356  0.056362  0.056365  0.056361  0.056363  0.153108  0.056418  0.056356
  0.056319  0.056888  0.151973  0.056763  0.056422  0.056423  0.056339  0.056307  0.056372  0.056737  0.057387  0.056709  0.056356  0.056326  0.056310  0.056371
  0.056290  0.057785  0.151718  0.056660  0.056361  0.056426  0.056322  0.056322  0.056317  0.057087  0.056531  0.056873  0.056326  0.056297  0.056303  0.056382
  0.056372  0.057255  0.152063  0.056435  0.056424  0.056464  0.056368  0.056412  0.056374  0.056805  0.056925  0.056561  0.056413  0.056375  0.056370  0.056384
  0.056357  0.057128  0.151996  0.056383  0.056393  0.056400  0.056328  0.056353  0.056407  0.056394  0.056917  0.057490  0.056433  0.056326  0.056377  0.056318
  0.056256  0.057170  0.151844  0.056303  0.056375  0.056265  0.056216  0.056262  0.056273  0.056360  0.057750  0.057976  0.056280  0.056217  0.056235  0.056218
  0.056164  0.058902  0.151022  0.056186  0.056175  0.056172  0.056160  0.056143  0.056207  0.057592  0.058408  0.056282  0.056165  0.056119  0.056171  0.056133
  0.056019  0.057774  0.150170  0.056083  0.056111  0.056132  0.056019  0.056069  0.056047  0.060965  0.056824  0.057413  0.056098  0.056024  0.056229  0.056022
  0.056250  0.062915  0.147516  0.056734  0.056351  0.056403  0.056198  0.056347  0.056282  0.056619  0.056690  0.056494  0.056236  0.056214  0.056502  0.056250
  0.052733  0.123917  0.127650  0.052798  0.053001  0.052991  0.052834  0.052691  0.052631  0.056594  0.053367  0.053405  0.052758  0.052952  0.056985  0.052694
  0.060328  0.060739  0.060624  0.063952  0.084243  0.060599  0.060322  0.061906  0.060346  0.060431  0.060627  0.060902  0.060643  0.062131  0.061986  0.060222
  0.058238  0.057858  0.073658  0.058019  0.058161  0.085874  0.058438  0.060369  0.058038  0.058093  0.058083  0.062743  0.063513  0.066343  0.064683  0.057888
  0.057918  0.059383  0.059702  0.057082  0.063282  0.097772  0.058052  0.057737  0.057830  0.057721  0.057675  0.057807  0.060170  0.058552  0.082164  0.057152
  0.051424  0.051149  0.055681  0.050848  0.053525  0.135497  0.050761  0.050980  0.051737  0.051013  0.051064  0.051872  0.054900  0.051800  0.136989  0.050760
  0.051509  0.051221  0.055896  0.051559  0.065200  0.122678  0.051355  0.051236  0.051770  0.051319  0.053006  0.051344  0.051400  0.051357  0.137963  0.051186
  0.052467  0.052925  0.052968  0.052435  0.080307  0.093985  0.052458  0.052467  0.052507  0.052461  0.052874  0.052696  0.053056  0.052679  0.141303  0.052412
  0.054399  0.057156  0.054463  0.054494  0.055694  0.059679  0.054581  0.054469  0.054385  0.054430  0.054493  0.055079  0.059409  0.093979  0.128903  0.054390
  0.052576  0.054519  0.052195  0.052251  0.052544  0.090601  0.052238  0.052443  0.052376  0.052824  0.052785  0.052508  0.081649  0.058435  0.137966  0.052092
  0.055150  0.054190  0.054220  0.054072  0.055072  0.093064  0.054249  0.054280  0.054808  0.054327  0.054212  0.059096  0.054468  0.055682  0.139044  0.054067
  0.061642  0.056189  0.055558  0.055496  0.055870  0.097282  0.055454  0.055628  0.055810  0.055783  0.055599  0.055818  0.055623  0.056834  0.115965  0.055450
  0.064697  0.062035  0.058098  0.057133  0.072891  0.107112  0.057022  0.060608  0.057067  0.057753  0.059005  0.057400  0.057453  0.057321  0.057441  0.056963
  0.070652  0.059631  0.055797  0.055575  0.057193  0.055516  0.094878  0.091352  0.055512  0.062403  0.056384  0.059564  0.058540  0.056261  0.055372  0.055368
  0.074610  0.055214  0.054161  0.054196  0.054062  0.054440  0.115732  0.065421  0.053773  0.089550  0.054382  0.055040  0.054527  0.056714  0.054535  0.053643
  0.084333  0.072320  0.056999  0.059849  0.059381  0.058960  0.075823  0.076685  0.056932  0.058663  0.056707  0.056848  0.057058  0.056572  0.056569  0.056302
  0.074120  0.066551  0.067359  0.058596  0.061839  0.060378  0.069908  0.060372  0.059832  0.060565  0.059404  0.061965  0.059084  0.060230  0.061274  0.058523
  0.072705  0.061484  0.060753  0.061109  0.064902  0.060012  0.062626  0.060349  0.059769  0.072113  0.060904  0.060253  0.060613  0.060770  0.061669  0.059968
  0.071890  0.059344  0.058811  0.058863  0.071597  0.067674  0.058687  0.058236  0.066398  0.059808  0.059349  0.068276  0.059723  0.060999  0.062233  0.058113
  0.060613  0.067255  0.060938  0.064866  0.060594  0.060648  0.060645  0.061361  0.073590  0.060530  0.062658  0.060827  0.060662  0.062374  0.062614  0.059824
  0.056168  0.056159  0.056058  0.061462  0.056523  0.056158  0.056022  0.057044  0.057599  0.056104  0.056168  0.068953  0.056876  0.057203  0.135704  0.055801
  0.059552  0.059818  0.063178  0.070796  0.059891  0.060842  0.060466  0.060114  0.060090  0.059732  0.059217  0.062300  0.059958  0.059586  0.085213  0.059245
  0.057987  0.058896  0.060825  0.067011  0.057889  0.058080  0.057757  0.058381  0.057801  0.057975  0.058047  0.058075  0.070006  0.058346  0.105027  0.057896
  0.058007  0.058773  0.058899  0.059713  0.067109  0.088431  0.058010  0.061706  0.059378  0.058860  0.059411  0.060125  0.075627  0.057984  0.059853  0.058116
  0.055910  0.066875  0.055208  0.069111  0.061172  0.124368  0.055136  0.056306  0.055361  0.055503  0.057269  0.055681  0.060215  0.060536  0.056055  0.055295
  0.055368  0.057133  0.055029  0.068132  0.063950  0.146049  0.055296  0.055405  0.054869  0.055153  0.057612  0.055593  0.054942  0.055172  0.055178  0.055121
  0.052904  0.054886  0.053334  0.103479  0.054396  0.141837  0.053954  0.053884  0.052890  0.054075  0.057347  0.053040  0.053174  0.054180  0.053764  0.052855
  0.051652  0.062043  0.051948  0.113475  0.052121  0.137724  0.053038  0.058199  0.051818  0.052041  0.054244  0.052057  0.051750  0.054131  0.052039  0.051721
  0.051708  0.075175  0.055970  0.134638  0.051798  0.068785  0.054537  0.086690  0.051687  0.051270  0.058667  0.050942  0.050832  0.051453  0.055178  0.050670
  0.046395  0.087519  0.059131  0.123610  0.046272  0.086764  0.048911  0.074970  0.048862  0.046482  0.056683  0.079976  0.046097  0.047696  0.054527  0.046105
  0.048784  0.081150  0.049724  0.129206  0.048367  0.062963  0.048586  0.081012  0.054143  0.052929  0.051754  0.089282  0.048168  0.050861  0.054898  0.048173
  0.051709  0.064669  0.067616  0.137473  0.054394  0.059509  0.053924  0.069768  0.051290  0.053129  0.054496  0.072687  0.052083  0.051220  0.054693  0.051340
  0.057831  0.056780  0.053322  0.139236  0.052198  0.070183  0.056238  0.057501  0.055727  0.051955  0.055381  0.053640  0.052222  0.055469  0.080053  0.052262
  0.051213  0.063137  0.084491  0.114868  0.050761  0.056563  0.053840  0.051926  0.050779  0.053695  0.055595  0.083949  0.050591  0.077241  0.050878  0.050471
  0.052112  0.052009  0.051602  0.079704  0.068748  0.051907  0.051350  0.052869  0.051489  0.070460  0.051731  0.051992  0.052920  0.138232  0.071427  0.051448
  0.055485  0.055420  0.055664  0.059146  0.058288  0.055936  0.056125  0.056085  0.055350  0.056110  0.055627  0.055771  0.055463  0.149365  0.064906  0.055259
  0.057008  0.056463  0.056340  0.056320  0.056921  0.057135  0.056544  0.056260  0.056173  0.056266  0.056149  0.056717  0.056477  0.152129  0.056946  0.056151
  0.053962  0.055135  0.054103  0.054023  0.095425  0.054218  0.053956  0.054033  0.053995  0.053986  0.054880  0.054042  0.053966  0.146342  0.054000  0.053934
  0.056344  0.056524  0.056361  0.056334  0.057236  0.056820  0.056355  0.056338  0.056337  0.056349  0.056699  0.056348  0.056362  0.152912  0.056344  0.056337
  0.056293  0.056933  0.056729  0.056283  0.056338  0.056599  0.056278  0.056303  0.056278  0.056279  0.056443  0.056384  0.056278  0.152810  0.057495  0.056277
  0.055845  0.059541  0.055906  0.056037  0.055884  0.057120  0.056481  0.056021  0.056076  0.056016  0.055954  0.056048  0.059870  0.151366  0.056034  0.055799
  0.054265  0.054286  0.054364  0.054225  0.078665  0.061806  0.054870  0.054343  0.054174  0.054256  0.055357  0.054715  0.057078  0.146918  0.056395  0.054284
  0.048476  0.047993  0.047703  0.047666  0.123675  0.065484  0.047940  0.051288  0.047539  0.047803  0.047789  0.049942  0.048304  0.128611  0.102041  0.047746
  0.053631  0.053735  0.055950  0.053798  0.055469  0.090711  0.053857  0.054405  0.053740  0.054262  0.054610  0.056839  0.057662  0.143739  0.054028  0.053564
  0.055833  0.084989  0.053199  0.054204  0.055018  0.140808  0.053283  0.053559  0.053552  0.053190  0.057675  0.055204  0.055961  0.066498  0.053593  0.053434
  0.055808  0.066169  0.055157  0.055761  0.055293  0.147012  0.055270  0.058132  0.055150  0.055135  0.065116  0.055161  0.055411  0.055274  0.055069  0.055080
  0.055433  0.055764  0.055151  0.055570  0.056855  0.147528  0.055066  0.054950  0.055001  0.054988  0.075154  0.055470  0.055493  0.056769  0.055333  0.055474
  0.055042  0.055100  0.054964  0.055124  0.058209  0.147922  0.054908  0.054890  0.055083  0.055092  0.074805  0.055754  0.055067  0.057987  0.055068  0.054986
  0.054997  0.055038  0.055174  0.055092  0.061095  0.148015  0.054875  0.054915  0.055297  0.055406  0.070468  0.056399  0.055174  0.058095  0.055055  0.054905
  0.055048  0.055165  0.058144  0.055444  0.055978  0.148470  0.055034  0.055201  0.055299  0.057347  0.062475  0.062629  0.055214  0.058290  0.055287  0.054975
  0.054679  0.054863  0.060173  0.055647  0.055306  0.147586  0.054730  0.055112  0.055068  0.058439  0.061408  0.065042  0.054774  0.056417  0.056065  0.054691
  0.054108  0.054667  0.074612  0.055984  0.054330  0.145773  0.054225  0.054404  0.054444  0.059273  0.059266  0.058206  0.054177  0.054386  0.058051  0.054092
  0.052911  0.055828  0.082516  0.054013  0.052994  0.142258  0.052952  0.053788  0.053188  0.068238  0.056075  0.056535  0.052850  0.053079  0.059855  0.052920
  0.053433  0.056287  0.077356  0.054282  0.055768  0.142680  0.053405  0.053703  0.053373  0.062986  0.055790  0.053761  0.053392  0.053328  0.067104  0.053352
  0.053965  0.054417  0.072190  0.055542  0.056392  0.140259  0.054461  0.054654  0.054019  0.059784  0.054440  0.054228  0.053957  0.054081  0.073719  0.053891
  0.053841  0.054056  0.080312  0.056226  0.054015  0.116558  0.054563  0.054190  0.053785  0.054944  0.054537  0.055187  0.053829  0.061434  0.088820  0.053702
  0.055774  0.055990  0.063136  0.058204  0.056552  0.128413  0.056228  0.055877  0.055723  0.055837  0.057290  0.055967  0.055861  0.061993  0.071432  0.055721
  0.055998  0.055761  0.061388  0.055985  0.055782  0.147099  0.055651  0.055809  0.055578  0.055670  0.059242  0.055874  0.055637  0.057378  0.061567  0.055582
  0.056308  0.055765  0.055852  0.057617  0.055888  0.149320  0.056152  0.055736  0.055746  0.055990  0.063208  0.056868  0.055739  0.057938  0.056168  0.055705
  0.055142  0.057847  0.054581  0.059512  0.054792  0.146652  0.054573  0.054615  0.054500  0.054561  0.072531  0.054967  0.054592  0.061439  0.055164  0.054532
  0.054379  0.055587  0.054670  0.057223  0.054544  0.146100  0.054545  0.054462  0.054305  0.054497  0.081808  0.055254  0.054431  0.057869  0.056074  0.054253
  0.054536  0.058208  0.054485  0.056557  0.064226  0.146462  0.054339  0.054322  0.054322  0.054825  0.071005  0.056481  0.054589  0.055794  0.055588  0.054261
  0.053892  0.054345  0.055783  0.055025  0.076432  0.144801  0.053737  0.054045  0.053644  0.059247  0.064384  0.058428  0.053840  0.054525  0.054201  0.053670
  0.050019  0.049923  0.057949  0.049570  0.078140  0.132658  0.049567  0.049681  0.049649  0.051165  0.050158  0.049995  0.049651  0.132655  0.049692  0.049526
  0.048457  0.048950  0.056509  0.048592  0.128265  0.049221  0.049418  0.048611  0.048549  0.048566  0.048808  0.095933  0.048982  0.131259  0.051371  0.048509
  0.050644  0.051098  0.056826  0.051674  0.136716  0.053518  0.050652  0.051087  0.050743  0.050794  0.051202  0.052870  0.050837  0.137372  0.053359  0.050608
  0.051414  0.051454  0.051494  0.051481  0.139273  0.051542  0.051411  0.051498  0.051519  0.051534  0.051446  0.051563  0.051639  0.139581  0.051669  0.051483
  0.051363  0.051949  0.051380  0.051383  0.139193  0.051932  0.051345  0.051378  0.051339  0.051840  0.051868  0.051451  0.051375  0.139450  0.051417  0.051338
  0.051369  0.051481  0.051399  0.051345  0.139328  0.052489  0.051339  0.051342  0.051341  0.051343  0.051835  0.051345  0.051858  0.139478  0.051369  0.051339
  0.051404  0.051372  0.051369  0.051381  0.139426  0.052698  0.051375  0.051377  0.051367  0.051369  0.051682  0.051438  0.051422  0.139557  0.051395  0.051369
  0.051390  0.051365  0.051459  0.051371  0.139414  0.052810  0.051369  0.051378  0.051361  0.051376  0.051631  0.051423  0.051379  0.139540  0.051370  0.051365
  0.051384  0.051394  0.051522  0.051375  0.139444  0.052514  0.051376  0.051382  0.051370  0.051391  0.051641  0.051485  0.051402  0.139566  0.051377  0.051378
  0.051375  0.051434  0.051642  0.051374  0.139443  0.052270  0.051371  0.051372  0.051367  0.051385  0.051578  0.051679  0.051394  0.139559  0.051378  0.051379
  0.051352  0.051440  0.051670  0.051359  0.139396  0.052257  0.051349  0.051352  0.051349  0.051399  0.051514  0.051961  0.051356  0.139510  0.051373  0.051363
  0.051344  0.051415  0.051504  0.051370  0.139368  0.052144  0.051347  0.051342  0.051342  0.051408  0.051437  0.052233  0.051384  0.139486  0.051527  0.051350
  0.051319  0.051374  0.051357  0.051381  0.139247  0.052188  0.051343  0.051327  0.051331  0.051661  0.051401  0.052109  0.051486  0.139388  0.051768  0.051320
  0.051338  0.051358  0.051353  0.051340  0.139291  0.052080  0.051362  0.051348  0.051368  0.051627  0.051440  0.051770  0.051419  0.139466  0.052089  0.051349
  0.051379  0.051484  0.051394  0.051424  0.139267  0.051975  0.051412  0.051378  0.051380  0.051551  0.051442  0.051698  0.051371  0.139528  0.051921  0.051396
  0.051422  0.051572  0.051467  0.051448  0.139196  0.052012  0.051447  0.051450  0.051422  0.051443  0.051460  0.051647  0.051428  0.139658  0.051499  0.051428
  0.051450  0.051948  0.051472  0.051454  0.138625  0.051853  0.051512  0.051573  0.051449  0.051447  0.051463  0.051694  0.051449  0.139714  0.051454  0.051442
  0.052089  0.052458  0.052095  0.052103  0.128334  0.052265  0.052160  0.052220  0.052097  0.052102  0.052114  0.052185  0.052095  0.141494  0.052096  0.052093
  0.055320  0.055702  0.055324  0.055326  0.074500  0.055429  0.055397  0.055418  0.055319  0.055348  0.055335  0.055342  0.055337  0.150256  0.055331  0.055316
  0.056392  0.056849  0.056392  0.056390  0.056396  0.056740  0.056422  0.056392  0.056389  0.056407  0.056390  0.056418  0.056427  0.153175  0.056430  0.056391
  0.056399  0.056709  0.056399  0.056398  0.056399  0.056799  0.056416  0.056398  0.056398  0.056404  0.056413  0.056444  0.056403  0.153199  0.056424  0.056399
  0.056369  0.056648  0.056371  0.056370  0.056380  0.057269  0.056374  0.056368  0.056368  0.056372  0.056434  0.056409  0.056370  0.153128  0.056398  0.056371
  0.056343  0.056625  0.056346  0.056344  0.056353  0.057709  0.056343  0.056345  0.056343  0.056346  0.056410  0.056348  0.056364  0.153061  0.056376  0.056345
  0.056367  0.056692  0.056368  0.056367  0.056369  0.057366  0.056372  0.056373  0.056366  0.056367  0.056370  0.056367  0.056368  0.153132  0.056388  0.056368
  0.056377  0.056659  0.056381  0.056377  0.056379  0.057190  0.056387  0.056386  0.056377  0.056378  0.056378  0.056391  0.056386  0.153162  0.056416  0.056378
  0.056382  0.056711  0.056388  0.056382  0.056383  0.057029  0.056405  0.056388  0.056382  0.056384  0.056385  0.056398  0.056391  0.153177  0.056432  0.056383
  0.056386  0.056715  0.056390  0.056385  0.056386  0.056976  0.056406  0.056396  0.056386  0.056394  0.056391  0.056401  0.056388  0.153188  0.056426  0.056386
  0.056385  0.056794  0.056390  0.056384  0.056387  0.056902  0.056407  0.056395  0.056384  0.056396  0.056391  0.056408  0.056385  0.153184  0.056423  0.056384
  0.056385  0.056793  0.056389  0.056383  0.056393  0.056859  0.056412  0.056399  0.056383  0.056413  0.056390  0.056418  0.056396  0.153178  0.056423  0.056384
  0.056366  0.056674  0.056368  0.056365  0.056368  0.057168  0.056386  0.056384  0.056363  0.056391  0.056481  0.056375  0.056368  0.153114  0.056463  0.056364
  0.056379  0.056672  0.056383  0.056378  0.056384  0.056856  0.056389  0.056394  0.056375  0.056393  0.056703  0.056382  0.056396  0.153122  0.056416  0.056377
  0.056338  0.056567  0.056365  0.056354  0.056346  0.056738  0.056336  0.056387  0.056343  0.056349  0.057437  0.056343  0.056485  0.152939  0.056346  0.056326
  0.056263  0.056489  0.056266  0.056237  0.056250  0.058911  0.056235  0.056308  0.056245  0.056314  0.056671  0.056249  0.056473  0.152403  0.056458  0.056228
