  0.056773  0.054977  0.146441  0.061033  0.055160  0.056084  0.059140  0.055004  0.058497  0.056436  0.055834  0.057082  0.055967  0.056714  0.055052  0.059806
  0.056787  0.054996  0.146708  0.061056  0.055533  0.055737  0.058913  0.054861  0.058276  0.056024  0.056084  0.056817  0.056208  0.056979  0.055088  0.059932
  0.057665  0.055113  0.146620  0.060626  0.055119  0.056835  0.059052  0.055072  0.056904  0.055619  0.056260  0.057302  0.055985  0.056729  0.055071  0.060029
  0.057786  0.055261  0.146678  0.061042  0.055341  0.055541  0.058181  0.056140  0.057408  0.056049  0.056244  0.056678  0.056149  0.056474  0.055251  0.059779
  0.056524  0.056140  0.146440  0.060039  0.055160  0.055329  0.057414  0.055963  0.058381  0.056977  0.055534  0.057793  0.056622  0.056900  0.055067  0.059718
  0.056706  0.058634  0.146924  0.058901  0.055147  0.055512  0.056259  0.055401  0.056995  0.055882  0.055046  0.059396  0.057958  0.058133  0.055151  0.057953
  0.056191  0.056385  0.145483  0.056638  0.059668  0.055690  0.056048  0.060062  0.057596  0.055285  0.056277  0.059612  0.055048  0.055418  0.055917  0.058683
  0.056173  0.055161  0.115503  0.089524  0.055171  0.054867  0.057275  0.059915  0.057645  0.063851  0.054247  0.054838  0.059434  0.054805  0.054496  0.057096
  0.060928  0.057967  0.082007  0.083773  0.057212  0.062902  0.060052  0.056699  0.060011  0.057063  0.059006  0.056700  0.065075  0.056246  0.059327  0.065033
  0.056991  0.059182  0.086499  0.069994  0.053826  0.056145  0.055274  0.053858  0.062198  0.056439  0.054464  0.055334  0.094384  0.054050  0.068098  0.063264
  0.053147  0.052185  0.052417  0.052335  0.052578  0.054791  0.055309  0.052740  0.052754  0.057678  0.066189  0.052144  0.120499  0.053129  0.118279  0.053825
  0.055190  0.054977  0.057075  0.055056  0.054864  0.056433  0.056524  0.055116  0.054553  0.055364  0.058149  0.058679  0.086506  0.070641  0.113388  0.057485
  0.055938  0.055758  0.055839  0.057140  0.057783  0.145522  0.056699  0.056328  0.056893  0.058103  0.058400  0.056971  0.056538  0.055878  0.058829  0.057381
  0.060559  0.055919  0.056342  0.056334  0.056336  0.062637  0.056051  0.056772  0.056157  0.056521  0.059951  0.056012  0.056733  0.056432  0.140482  0.056763
  0.057765  0.056936  0.055586  0.060252  0.057960  0.055702  0.057121  0.055755  0.057220  0.055706  0.057270  0.055710  0.058263  0.056318  0.145434  0.057001
  0.058352  0.060521  0.056801  0.057655  0.057376  0.063227  0.056999  0.056502  0.057032  0.056569  0.056993  0.057499  0.056856  0.059713  0.129903  0.058002
  0.057705  0.056480  0.056404  0.057998  0.056366  0.056268  0.056124  0.056321  0.060481  0.056057  0.056734  0.059032  0.057432  0.056559  0.142370  0.057670
  0.058125  0.056067  0.056313  0.057105  0.057221  0.059245  0.056109  0.057237  0.060479  0.055998  0.059795  0.057159  0.056825  0.057270  0.137370  0.057684
  0.055415  0.053480  0.053631  0.054427  0.053805  0.126614  0.053516  0.053767  0.056901  0.053623  0.053528  0.057578  0.055350  0.059034  0.104642  0.054689
  0.055356  0.055805  0.054631  0.056899  0.059059  0.131551  0.055323  0.054579  0.055838  0.055261  0.055161  0.057222  0.058103  0.055293  0.084507  0.055413
  0.050753  0.071403  0.050290  0.052329  0.089007  0.051257  0.122537  0.064839  0.051020  0.074988  0.059676  0.051186  0.053430  0.052775  0.051938  0.052571
  0.100737  0.059161  0.057505  0.057804  0.061727  0.056943  0.059540  0.060138  0.065650  0.058829  0.066325  0.057221  0.059662  0.058826  0.058773  0.061157
  0.114479  0.060527  0.057426  0.062325  0.064719  0.058112  0.056298  0.056170  0.064135  0.059011  0.057479  0.059294  0.057915  0.056383  0.058869  0.056859
  0.053982  0.056705  0.053992  0.110249  0.083091  0.055500  0.054185  0.054064  0.054707  0.058889  0.087288  0.055245  0.054471  0.053622  0.057229  0.056779
  0.054908  0.055175  0.059658  0.096850  0.059807  0.055138  0.058720  0.055528  0.057477  0.056159  0.090052  0.067465  0.057212  0.054868  0.056884  0.064100
  0.058100  0.056614  0.057743  0.063078  0.080894  0.067376  0.059855  0.056725  0.056955  0.056718  0.056262  0.056222  0.061713  0.061246  0.092328  0.058172
  0.057863  0.055184  0.054880  0.055232  0.055216  0.055399  0.055255  0.056242  0.055106  0.056402  0.055490  0.055359  0.109040  0.055162  0.111692  0.056475
  0.059923  0.057923  0.058135  0.058093  0.057871  0.072917  0.057823  0.059184  0.058765  0.058718  0.058397  0.059461  0.069094  0.058593  0.095892  0.059211
  0.058768  0.056680  0.055896  0.058418  0.057675  0.066714  0.056708  0.055934  0.057346  0.058267  0.056783  0.056323  0.060193  0.056834  0.129836  0.057626
  0.057544  0.055128  0.054967  0.057249  0.055892  0.062119  0.055861  0.054971  0.056272  0.058972  0.058225  0.060554  0.090307  0.055484  0.110174  0.056282
  0.057024  0.053277  0.053298  0.055305  0.055381  0.129100  0.053954  0.053177  0.054487  0.062398  0.054988  0.054932  0.053703  0.054917  0.099539  0.054521
  0.059198  0.054088  0.053999  0.055585  0.057488  0.138087  0.054534  0.053826  0.056139  0.064182  0.057313  0.055879  0.055034  0.056900  0.072523  0.055226
  0.061204  0.055798  0.055006  0.055482  0.060177  0.144792  0.055689  0.055020  0.060141  0.058004  0.055519  0.058327  0.056547  0.055105  0.056915  0.056274
  0.062581  0.055353  0.055535  0.055777  0.060364  0.145074  0.055624  0.055449  0.059216  0.058460  0.055338  0.057315  0.056337  0.055271  0.055825  0.056479
  0.062236  0.055827  0.055296  0.055204  0.055643  0.144018  0.057804  0.055521  0.056233  0.055315  0.055730  0.061528  0.059238  0.057676  0.055570  0.057161
  0.056910  0.061721  0.055743  0.058168  0.086768  0.092344  0.065595  0.056813  0.056423  0.056195  0.056383  0.062478  0.057543  0.056990  0.057915  0.062012
  0.061631  0.071926  0.057465  0.086492  0.058151  0.062223  0.064688  0.058556  0.061302  0.060012  0.057160  0.061202  0.059606  0.057970  0.059472  0.062144
  0.056317  0.055626  0.056411  0.135043  0.058659  0.055811  0.058549  0.056660  0.059035  0.056890  0.058922  0.059912  0.056298  0.055845  0.058849  0.061172
  0.056587  0.055262  0.055966  0.138194  0.058968  0.054251  0.055496  0.055835  0.055643  0.057203  0.054147  0.055952  0.055781  0.054498  0.078880  0.057337
  0.055636  0.057651  0.057369  0.078869  0.055534  0.054862  0.062199  0.054595  0.056797  0.054621  0.131245  0.056655  0.057346  0.054620  0.055574  0.056425
  0.056738  0.063644  0.061472  0.057641  0.057929  0.057280  0.057263  0.056088  0.056282  0.056713  0.126492  0.056149  0.061132  0.055902  0.061174  0.058101
  0.054018  0.077530  0.064730  0.058079  0.052695  0.052766  0.063327  0.055821  0.062248  0.052953  0.086857  0.053824  0.055535  0.103343  0.053043  0.053232
  0.059204  0.055510  0.065582  0.057024  0.058226  0.056094  0.055668  0.055901  0.057217  0.055748  0.055788  0.055396  0.055344  0.142661  0.058534  0.056104
  0.057572  0.056003  0.056987  0.057021  0.059221  0.057801  0.056032  0.055674  0.057846  0.055469  0.055721  0.055726  0.055858  0.146678  0.059402  0.056988
  0.057864  0.055940  0.056469  0.057439  0.058291  0.056482  0.057699  0.055702  0.058812  0.055552  0.056507  0.055790  0.056594  0.145727  0.058298  0.056835
  0.057697  0.055756  0.056761  0.057613  0.057643  0.056205  0.057613  0.055606  0.059198  0.055390  0.055655  0.055643  0.057050  0.146729  0.058677  0.056766
  0.058333  0.055651  0.056362  0.057556  0.058155  0.056381  0.056726  0.055430  0.059215  0.055301  0.055566  0.055642  0.057116  0.147037  0.058701  0.056828
  0.059842  0.055660  0.055813  0.056272  0.059360  0.057785  0.055898  0.055807  0.058993  0.055338  0.055744  0.056523  0.056286  0.146442  0.057495  0.056740
  0.057507  0.056057  0.055668  0.057211  0.060569  0.059435  0.056106  0.055828  0.058967  0.055642  0.056158  0.055896  0.056117  0.145795  0.055820  0.057224
  0.057064  0.056368  0.056263  0.057560  0.068253  0.056439  0.057127  0.056322  0.056791  0.056200  0.056402  0.058023  0.056216  0.126153  0.067326  0.057493
  0.057475  0.057829  0.057103  0.058166  0.070715  0.057219  0.058595  0.057275  0.057425  0.057725  0.057060  0.057092  0.057138  0.110272  0.070869  0.058042
  0.057643  0.057014  0.057764  0.057193  0.060002  0.087276  0.058432  0.057114  0.061948  0.057660  0.058433  0.058718  0.058575  0.057180  0.096780  0.058266
  0.056758  0.057193  0.056906  0.055883  0.056955  0.114383  0.056700  0.055829  0.060600  0.057244  0.066101  0.057153  0.059049  0.056975  0.075197  0.057074
  0.059600  0.056022  0.055226  0.055109  0.058226  0.138652  0.055266  0.054961  0.058797  0.055598  0.072983  0.056666  0.055151  0.055915  0.055487  0.056341
  0.058291  0.055885  0.054852  0.054504  0.057561  0.141437  0.054975  0.054684  0.057082  0.056108  0.076720  0.057496  0.055175  0.054697  0.054776  0.055758
  0.060281  0.055136  0.054569  0.054628  0.057576  0.143743  0.054946  0.054861  0.057162  0.057359  0.067523  0.058503  0.057247  0.055323  0.055598  0.055547
  0.061694  0.055491  0.054571  0.055035  0.058819  0.144232  0.055086  0.054855  0.057309  0.055724  0.062497  0.057858  0.058788  0.054805  0.056857  0.056378
  0.057210  0.056007  0.055148  0.055232  0.058741  0.146348  0.055528  0.055382  0.055976  0.055318  0.055412  0.060620  0.059688  0.055718  0.059577  0.058093
  0.056817  0.056189  0.055015  0.055529  0.059582  0.145923  0.055504  0.055267  0.055673  0.055640  0.055240  0.060316  0.059893  0.055741  0.059536  0.058134
  0.057045  0.055726  0.054650  0.055207  0.059121  0.144600  0.055307  0.055422  0.054893  0.055002  0.054600  0.069638  0.057888  0.055641  0.058080  0.057179
  0.057231  0.055930  0.055958  0.056210  0.058668  0.144816  0.056333  0.057114  0.056000  0.055913  0.056271  0.056938  0.057139  0.057528  0.061149  0.056800
  0.064836  0.055200  0.054840  0.056212  0.057556  0.140409  0.054878  0.055304  0.057499  0.054641  0.058183  0.057318  0.056297  0.055611  0.065775  0.055440
  0.064296  0.054748  0.054043  0.055780  0.057391  0.139252  0.054505  0.054873  0.057578  0.054750  0.059228  0.056069  0.055797  0.055321  0.071218  0.055153
  0.064834  0.054388  0.054160  0.056296  0.057750  0.141458  0.054633  0.057322  0.058078  0.059746  0.057956  0.056724  0.055834  0.056164  0.059884  0.054774
  0.060502  0.055599  0.054755  0.056620  0.060149  0.144749  0.055978  0.058413  0.058020  0.056234  0.055150  0.058930  0.057386  0.055254  0.057092  0.055169
  0.058014  0.056261  0.055277  0.056470  0.062013  0.144924  0.056356  0.055099  0.056811  0.057658  0.055486  0.059016  0.058759  0.055877  0.055749  0.056231
  0.058123  0.055472  0.055441  0.056199  0.059879  0.146222  0.055906  0.055635  0.056118  0.055635  0.055085  0.057291  0.059399  0.056090  0.060331  0.057176
  0.059423  0.055809  0.055332  0.056300  0.060145  0.145662  0.055611  0.055904  0.055809  0.055187  0.055379  0.056682  0.059959  0.055911  0.059122  0.057764
  0.057038  0.055470  0.055115  0.056475  0.060654  0.145167  0.055308  0.055191  0.056097  0.055666  0.054997  0.062685  0.058543  0.055857  0.058112  0.057624
  0.057107  0.056020  0.055457  0.055714  0.059083  0.145316  0.055707  0.055649  0.056424  0.056030  0.055817  0.065081  0.057548  0.055684  0.056594  0.056768
  0.058208  0.056495  0.056554  0.056245  0.059049  0.144754  0.056676  0.056543  0.056595  0.056619  0.056664  0.057386  0.057172  0.056497  0.056444  0.058099
  0.059144  0.067362  0.058842  0.057245  0.063628  0.087486  0.059397  0.057969  0.065209  0.056853  0.065839  0.056823  0.056926  0.070894  0.058498  0.057885
  0.056999  0.056753  0.056198  0.058383  0.130301  0.057201  0.057517  0.056077  0.062173  0.058360  0.056390  0.056856  0.056445  0.066147  0.057146  0.057054
  0.056705  0.056252  0.055582  0.057910  0.146435  0.056280  0.056877  0.055485  0.060071  0.058845  0.056215  0.056255  0.055908  0.058689  0.056313  0.056178
  0.056926  0.056857  0.056223  0.056843  0.147933  0.056560  0.057080  0.055650  0.058664  0.059132  0.055821  0.055896  0.055900  0.057911  0.056345  0.056259
  0.056524  0.056935  0.056273  0.056771  0.147743  0.057227  0.056749  0.055838  0.058288  0.059466  0.055871  0.055796  0.055983  0.058047  0.056084  0.056405
  0.056348  0.057259  0.056243  0.056727  0.147903  0.056922  0.056620  0.055728  0.057802  0.060658  0.055754  0.055722  0.056092  0.057919  0.055856  0.056449
  0.056384  0.057157  0.056361  0.056723  0.148164  0.056971  0.056568  0.055713  0.057858  0.060506  0.055782  0.055737  0.056049  0.057866  0.055756  0.056404
  0.056400  0.057122  0.056429  0.056821  0.148187  0.056602  0.056510  0.055699  0.057730  0.061487  0.055695  0.055682  0.056093  0.057596  0.055580  0.056367
  0.056581  0.056883  0.056413  0.056508  0.148986  0.056593  0.056676  0.056074  0.057852  0.059281  0.056120  0.055946  0.056179  0.057535  0.055822  0.056551
  0.056757  0.056752  0.056280  0.056245  0.149453  0.056629  0.056905  0.056295  0.058004  0.057677  0.056493  0.056107  0.056155  0.057568  0.056013  0.056669
  0.056775  0.056653  0.056216  0.056257  0.149670  0.056559  0.057089  0.056505  0.057889  0.057028  0.056551  0.056186  0.056184  0.057576  0.056158  0.056703
  0.056499  0.056595  0.056493  0.057242  0.148985  0.056410  0.056688  0.056513  0.057717  0.058451  0.056214  0.056025  0.056259  0.057488  0.055940  0.056481
  0.056346  0.056676  0.056558  0.058241  0.148106  0.056394  0.056681  0.056246  0.057597  0.058932  0.056010  0.055981  0.056333  0.057682  0.055838  0.056379
  0.056767  0.056819  0.056473  0.057848  0.144672  0.057264  0.057130  0.056476  0.058034  0.057685  0.056488  0.056294  0.056604  0.058379  0.056251  0.056816
  0.057683  0.057413  0.057059  0.058150  0.130611  0.058999  0.057938  0.057259  0.058842  0.057617  0.057125  0.056977  0.057114  0.061863  0.057598  0.057751
  0.057251  0.056245  0.056168  0.056668  0.083819  0.057618  0.056547  0.056863  0.056886  0.055973  0.056310  0.056372  0.055871  0.123360  0.056955  0.057094
  0.056929  0.055782  0.055883  0.057486  0.063556  0.057530  0.056013  0.055555  0.057950  0.055472  0.055652  0.055860  0.056923  0.145678  0.057179  0.056552
  0.057002  0.055704  0.056229  0.057436  0.058833  0.058698  0.055912  0.055391  0.058125  0.055312  0.055557  0.055630  0.057370  0.147180  0.058932  0.056690
  0.057068  0.055650  0.056036  0.057419  0.057814  0.057910  0.055935  0.055300  0.058126  0.055206  0.055449  0.055643  0.057855  0.147506  0.060374  0.056708
  0.057205  0.055629  0.055942  0.057379  0.057501  0.057647  0.055888  0.055366  0.057945  0.055183  0.055413  0.055731  0.057945  0.147568  0.060938  0.056722
  0.057322  0.055631  0.055760  0.057142  0.057391  0.057916  0.055729  0.055703  0.057721  0.055168  0.055455  0.055985  0.057933  0.147685  0.060803  0.056655
  0.057175  0.055607  0.055676  0.057416  0.057562  0.057897  0.055785  0.055967  0.057629  0.055200  0.055505  0.056326  0.057869  0.147738  0.060142  0.056505
  0.057093  0.055652  0.055634  0.057529  0.057568  0.058172  0.055792  0.055945  0.057738  0.055207  0.055498  0.055957  0.057909  0.147678  0.060106  0.056522
  0.057186  0.055590  0.055594  0.057546  0.057556  0.058248  0.055778  0.055904  0.057852  0.055199  0.055475  0.055916  0.057954  0.147609  0.060042  0.056551
  0.057137  0.055632  0.055675  0.057597  0.057524  0.058182  0.055843  0.055835  0.057726  0.055214  0.055464  0.055924  0.057795  0.147659  0.060163  0.056629
  0.057217  0.055595  0.055593  0.057502  0.057354  0.057869  0.055834  0.055790  0.057710  0.055162  0.055416  0.055998  0.058012  0.147639  0.060700  0.056608
  0.057270  0.055531  0.055603  0.057031  0.057294  0.057896  0.055780  0.055736  0.057685  0.055143  0.055403  0.056268  0.058102  0.147572  0.061006  0.056680
  0.057336  0.055523  0.055550  0.056964  0.057265  0.057770  0.055795  0.055745  0.057639  0.055114  0.055377  0.056392  0.058138  0.147640  0.061084  0.056668
  0.057815  0.055496  0.055477  0.056768  0.057445  0.057742  0.055746  0.056011  0.058016  0.055124  0.055361  0.056328  0.058264  0.147548  0.060308  0.056549
  0.058549  0.055479  0.055641  0.056161  0.057815  0.058128  0.055782  0.056028  0.058522  0.055117  0.055562  0.057017  0.057311  0.147149  0.059024  0.056715
  0.058555  0.055634  0.055887  0.056092  0.058117  0.057459  0.055975  0.056158  0.058423  0.055332  0.056862  0.058059  0.056382  0.146285  0.057983  0.056795
  0.058747  0.058192  0.057973  0.059524  0.061575  0.062365  0.059885  0.057898  0.058478  0.057781  0.060596  0.058306  0.058477  0.113725  0.058100  0.058378
  0.059998  0.059698  0.059527  0.061040  0.063350  0.083819  0.061452  0.059696  0.060268  0.059469  0.066463  0.059604  0.059678  0.065043  0.060807  0.060090
  0.058540  0.058241  0.059118  0.059515  0.059489  0.109673  0.059005  0.058202  0.059867  0.058382  0.064158  0.058782  0.058105  0.058464  0.061540  0.058919
  0.057594  0.057033  0.056932  0.057342  0.057982  0.124490  0.057528  0.056799  0.059709  0.061529  0.060534  0.061504  0.057296  0.056968  0.059052  0.057710
  0.059262  0.058896  0.057872  0.058277  0.060424  0.110239  0.058600  0.058327  0.059754  0.060716  0.061164  0.061690  0.057969  0.058843  0.059113  0.058855
  0.061761  0.059317  0.059160  0.060379  0.063039  0.096109  0.060620  0.059152  0.060140  0.059518  0.061664  0.059629  0.059039  0.059982  0.060482  0.060011
  0.063148  0.061324  0.059999  0.060199  0.078195  0.071425  0.060654  0.059772  0.060630  0.059644  0.061504  0.059492  0.059708  0.064563  0.059513  0.060232
  0.060157  0.058867  0.058972  0.060032  0.084264  0.060511  0.059297  0.060053  0.060332  0.058658  0.059254  0.059064  0.058591  0.083501  0.058864  0.059582
  0.059444  0.058514  0.058502  0.059966  0.088982  0.060299  0.058906  0.060886  0.060041  0.058442  0.058402  0.058652  0.058200  0.083140  0.058386  0.059237
  0.059307  0.059125  0.058488  0.059074  0.094885  0.061780  0.059105  0.060203  0.060429  0.058383  0.058447  0.058612  0.058173  0.075475  0.059200  0.059314
  0.058542  0.058446  0.057502  0.057856  0.097537  0.057930  0.057857  0.057343  0.057956  0.057107  0.057345  0.057756  0.056855  0.093467  0.058554  0.057948
  0.056979  0.056269  0.056113  0.059500  0.110362  0.056422  0.057235  0.055907  0.056889  0.055917  0.057023  0.056503  0.055993  0.095493  0.056082  0.057315
  0.056220  0.055237  0.055280  0.058504  0.074774  0.055341  0.055396  0.054762  0.057964  0.054885  0.055208  0.055405  0.054889  0.141654  0.058231  0.056249
  0.057673  0.055080  0.054862  0.057781  0.064185  0.064450  0.055783  0.056213  0.058825  0.056338  0.055096  0.055031  0.054985  0.139643  0.058696  0.055360
  0.060819  0.057689  0.059477  0.063311  0.069996  0.067781  0.058332  0.057771  0.059764  0.061390  0.082090  0.058142  0.060113  0.063336  0.060580  0.059409
  0.059660  0.059011  0.059761  0.060301  0.060804  0.059939  0.059137  0.059192  0.060446  0.064772  0.096971  0.058863  0.061635  0.059677  0.059113  0.060719
  0.056329  0.056150  0.056087  0.092904  0.056512  0.055868  0.057030  0.055804  0.062562  0.076594  0.057159  0.086209  0.060410  0.057064  0.057061  0.056257
  0.054610  0.127172  0.058311  0.071936  0.054749  0.054871  0.056091  0.054258  0.061814  0.054461  0.054527  0.076368  0.055843  0.054819  0.055374  0.054795
  0.057351  0.070081  0.057781  0.076159  0.059501  0.061784  0.059987  0.056967  0.068380  0.058518  0.060024  0.079187  0.059482  0.058475  0.058909  0.057414
  0.061156  0.059147  0.067409  0.071729  0.057256  0.059111  0.057342  0.057258  0.058877  0.084697  0.065692  0.061634  0.058900  0.060369  0.058038  0.061387
  0.062166  0.056409  0.089755  0.063215  0.056980  0.056240  0.058024  0.058736  0.059822  0.056505  0.080356  0.069405  0.058595  0.056137  0.059041  0.058616
  0.066606  0.057223  0.058482  0.059723  0.056724  0.074607  0.056656  0.062426  0.058313  0.057697  0.065427  0.056366  0.056344  0.099372  0.056708  0.057325
  0.058996  0.058056  0.074876  0.055405  0.056672  0.055459  0.055692  0.055509  0.056298  0.060068  0.056965  0.054819  0.054088  0.137029  0.055043  0.055026
  0.056572  0.055615  0.055289  0.058940  0.060290  0.058989  0.055777  0.055122  0.057739  0.055556  0.055277  0.055271  0.057302  0.146703  0.058997  0.056559
  0.056725  0.055644  0.055466  0.058025  0.058617  0.059181  0.055970  0.055248  0.057831  0.055208  0.055318  0.055490  0.057467  0.147272  0.059581  0.056959
  0.056680  0.055712  0.055854  0.057558  0.057935  0.058933  0.056042  0.055855  0.057255  0.055284  0.055484  0.056265  0.057278  0.147524  0.059487  0.056854
  0.057059  0.055660  0.055780  0.057209  0.057660  0.058244  0.056059  0.056363  0.057496  0.055251  0.055447  0.056643  0.057330  0.147479  0.059575  0.056744
  0.057320  0.055715  0.056047  0.056611  0.057726  0.057906  0.056012  0.056408  0.057499  0.055267  0.055556  0.057376  0.056967  0.147239  0.059574  0.056776
  0.057967  0.055782  0.056554  0.056788  0.058050  0.057253  0.056189  0.057190  0.057519  0.055351  0.055707  0.057891  0.056216  0.146533  0.058439  0.056571
  0.057167  0.057112  0.056765  0.057569  0.059075  0.056696  0.056736  0.056292  0.057780  0.056388  0.057053  0.056793  0.056150  0.144368  0.056859  0.057199
  0.057978  0.058912  0.057874  0.059217  0.062650  0.057849  0.058221  0.057363  0.058402  0.057567  0.059019  0.057702  0.058399  0.123226  0.057282  0.058339
  0.059391  0.060081  0.059352  0.060996  0.064705  0.069940  0.059618  0.058941  0.059818  0.059037  0.060277  0.059061  0.060538  0.089240  0.059059  0.059948
  0.057776  0.058419  0.057767  0.060030  0.059784  0.110659  0.058499  0.057313  0.059094  0.057865  0.060052  0.057667  0.058400  0.071063  0.057607  0.058006
  0.058539  0.058306  0.057962  0.060297  0.059937  0.094839  0.058375  0.057128  0.058568  0.057619  0.059422  0.057818  0.057784  0.087993  0.057367  0.058046
  0.058865  0.059071  0.058611  0.059152  0.064729  0.060786  0.058261  0.058398  0.058985  0.057942  0.058034  0.058050  0.058185  0.113551  0.057546  0.059835
  0.058459  0.057513  0.057385  0.058537  0.064728  0.059593  0.057262  0.059651  0.058488  0.057224  0.057462  0.057089  0.057022  0.123675  0.057441  0.058470
  0.057751  0.056888  0.056749  0.057795  0.061496  0.056281  0.056465  0.057733  0.057660  0.056088  0.056682  0.056329  0.056120  0.140251  0.058273  0.057438
  0.057226  0.056715  0.057235  0.057852  0.059406  0.056006  0.056053  0.056512  0.056974  0.055562  0.055817  0.055858  0.056096  0.145827  0.059897  0.056964
  0.056910  0.055745  0.055870  0.057582  0.057942  0.057473  0.056010  0.055672  0.057497  0.055255  0.055453  0.055731  0.057518  0.147854  0.060644  0.056843
  0.056765  0.055654  0.055683  0.057481  0.057783  0.058003  0.056107  0.055603  0.057315  0.055204  0.055376  0.056035  0.057395  0.147848  0.060742  0.057006
  0.056895  0.055574  0.055519  0.057551  0.057548  0.057755  0.056081  0.055877  0.057312  0.055149  0.055346  0.056223  0.057660  0.147725  0.060847  0.056939
  0.056929  0.055525  0.055455  0.057507  0.057457  0.057863  0.055952  0.056258  0.057366  0.055135  0.055324  0.056365  0.058009  0.147594  0.060531  0.056729
  0.056972  0.055554  0.055487  0.057593  0.057442  0.057882  0.055960  0.056327  0.057381  0.055158  0.055338  0.056325  0.057802  0.147580  0.060439  0.056760
  0.057328  0.055517  0.147045  0.059285  0.055479  0.055372  0.057562  0.055609  0.058725  0.056030  0.056804  0.057442  0.056929  0.056476  0.055214  0.059183
  0.057542  0.055242  0.147017  0.059631  0.055544  0.055520  0.057516  0.055807  0.058539  0.055635  0.057121  0.057183  0.057233  0.056239  0.055393  0.058838
  0.058001  0.055419  0.146898  0.059946  0.055540  0.056060  0.058231  0.055164  0.057111  0.055397  0.057105  0.057654  0.056265  0.056200  0.055190  0.059819
  0.058224  0.055161  0.146685  0.059691  0.055542  0.055292  0.058014  0.055256  0.056891  0.055881  0.056733  0.058264  0.056783  0.056021  0.055904  0.059659
  0.057060  0.055315  0.146371  0.060073  0.055220  0.055153  0.057907  0.055370  0.057548  0.055586  0.055985  0.059325  0.056944  0.056570  0.055532  0.060042
  0.057000  0.055950  0.146756  0.059661  0.055332  0.055230  0.057237  0.055495  0.058033  0.056782  0.055334  0.058471  0.057112  0.057732  0.055237  0.058638
  0.057322  0.055247  0.147245  0.058157  0.055443  0.055392  0.056497  0.055702  0.058097  0.056388  0.055220  0.060374  0.057788  0.057873  0.055253  0.058000
  0.058186  0.055871  0.114404  0.060410  0.071782  0.055634  0.057927  0.057915  0.065105  0.059934  0.056079  0.055654  0.060848  0.055503  0.056212  0.058537
  0.062926  0.061148  0.068941  0.068318  0.060569  0.061325  0.060424  0.057810  0.064206  0.062194  0.059329  0.057850  0.068999  0.057735  0.061171  0.067055
  0.058542  0.060448  0.056468  0.096524  0.057602  0.059169  0.057096  0.055737  0.060727  0.055832  0.056717  0.056260  0.077376  0.058515  0.067109  0.065878
  0.055887  0.054940  0.052228  0.094435  0.052240  0.052270  0.056601  0.054352  0.056677  0.058862  0.058366  0.053175  0.112964  0.068212  0.060962  0.057830
  0.055828  0.056046  0.055186  0.056677  0.055008  0.055091  0.057811  0.055253  0.054814  0.056790  0.057307  0.056610  0.091092  0.058539  0.120862  0.057086
  0.059043  0.057950  0.056470  0.056617  0.056541  0.093497  0.058021  0.057994  0.057428  0.057465  0.056684  0.056945  0.083070  0.060174  0.073771  0.058331
  0.062191  0.055413  0.055576  0.055562  0.055352  0.083407  0.055350  0.056658  0.055436  0.060212  0.059871  0.055281  0.055170  0.055242  0.122990  0.056289
  0.057214  0.056071  0.055623  0.059913  0.058186  0.056030  0.055987  0.055719  0.059319  0.056421  0.056056  0.056685  0.057832  0.056023  0.145705  0.057216
  0.057884  0.058511  0.055823  0.057721  0.057298  0.055985  0.056278  0.055928  0.059546  0.056480  0.055918  0.056994  0.056723  0.058413  0.142973  0.057525
  0.057684  0.057073  0.055976  0.057768  0.056042  0.055997  0.056060  0.055738  0.062738  0.055788  0.056559  0.057144  0.057395  0.055875  0.144303  0.057861
  0.057668  0.055397  0.055247  0.057468  0.055627  0.063343  0.055311  0.055715  0.062108  0.055311  0.056612  0.056495  0.057581  0.055634  0.143601  0.056882
  0.055834  0.053904  0.054025  0.055627  0.054667  0.136103  0.054073  0.055651  0.058383  0.055657  0.054012  0.060971  0.056498  0.054130  0.085401  0.055063
  0.056235  0.057836  0.054661  0.055543  0.054692  0.140685  0.054562  0.055207  0.055248  0.057349  0.054800  0.065650  0.059512  0.057218  0.064522  0.056278
  0.048352  0.078914  0.048540  0.050755  0.095315  0.049998  0.098159  0.108928  0.048029  0.070513  0.051001  0.049482  0.052327  0.050183  0.048757  0.050748
  0.076612  0.058532  0.057651  0.056468  0.065433  0.057390  0.072692  0.072180  0.064828  0.060209  0.061281  0.056704  0.059504  0.060017  0.059363  0.061137
  0.081010  0.057390  0.053745  0.053998  0.137312  0.054586  0.055739  0.053973  0.056874  0.055075  0.054596  0.058508  0.055420  0.055776  0.057752  0.058247
  0.056080  0.060278  0.056513  0.056575  0.138487  0.055732  0.056030  0.056307  0.056636  0.055975  0.055812  0.062101  0.058450  0.055661  0.058967  0.060397
  0.055369  0.055444  0.057991  0.057229  0.146244  0.055749  0.059043  0.057455  0.055579  0.055311  0.055051  0.057674  0.060760  0.055207  0.059196  0.056698
  0.052609  0.052797  0.058254  0.052814  0.135146  0.052409  0.054165  0.053211  0.053754  0.063211  0.052441  0.053077  0.053626  0.053976  0.102546  0.055964
  0.058625  0.056397  0.056312  0.058043  0.056490  0.056533  0.056274  0.057455  0.056335  0.056576  0.057126  0.060026  0.065258  0.056991  0.131566  0.059993
  0.060892  0.058908  0.058678  0.058592  0.058839  0.058715  0.058406  0.058881  0.059053  0.058759  0.058581  0.061437  0.059935  0.062674  0.107125  0.060523
  0.055460  0.053685  0.056231  0.054799  0.055833  0.053948  0.055643  0.054004  0.054086  0.055326  0.054021  0.053828  0.065757  0.126463  0.093744  0.057171
  0.056147  0.054503  0.057821  0.057046  0.054963  0.055351  0.057927  0.054911  0.054515  0.056685  0.054807  0.054643  0.062875  0.126352  0.085094  0.056359
  0.059038  0.058019  0.056999  0.058955  0.056603  0.083513  0.059783  0.056737  0.056748  0.065570  0.059578  0.056952  0.061525  0.076074  0.075115  0.058792
  0.056747  0.056401  0.055182  0.056749  0.055788  0.129854  0.057188  0.055475  0.055781  0.065047  0.056003  0.055446  0.056316  0.074646  0.055402  0.057975
  0.056870  0.056279  0.056944  0.056529  0.058241  0.146299  0.058105  0.056268  0.058455  0.055562  0.056053  0.055811  0.057656  0.055478  0.058311  0.057139
  0.056444  0.055843  0.057552  0.056351  0.058658  0.145350  0.057875  0.056515  0.057916  0.055649  0.057988  0.056971  0.056970  0.055645  0.057521  0.056753
  0.056700  0.055755  0.057693  0.056446  0.058116  0.145151  0.059322  0.057301  0.057661  0.055781  0.057641  0.056679  0.056721  0.055743  0.056468  0.056824
  0.055227  0.055187  0.054440  0.107241  0.054436  0.126491  0.058008  0.053921  0.054950  0.053891  0.053691  0.054156  0.054389  0.053795  0.054579  0.055599
  0.058603  0.061392  0.054266  0.113241  0.055038  0.101496  0.056762  0.054716  0.055485  0.054398  0.054010  0.054785  0.054737  0.059492  0.054815  0.056764
  0.055045  0.056533  0.054826  0.109139  0.056172  0.120396  0.056570  0.053468  0.054198  0.056426  0.052740  0.055731  0.054237  0.054309  0.053416  0.056795
  0.058823  0.055618  0.055389  0.129770  0.056045  0.075199  0.056958  0.056264  0.055796  0.055386  0.055647  0.058817  0.056422  0.056278  0.058433  0.059154
  0.058857  0.057835  0.064171  0.104376  0.057057  0.061237  0.057501  0.057358  0.065355  0.058719  0.057379  0.057885  0.060092  0.059384  0.057649  0.065146
  0.058588  0.064804  0.056947  0.061112  0.058191  0.057164  0.057507  0.063079  0.060576  0.075532  0.090961  0.063356  0.056615  0.059653  0.056780  0.059135
  0.058937  0.061477  0.060813  0.055886  0.057677  0.055211  0.057065  0.055665  0.057317  0.063172  0.068764  0.055491  0.056349  0.124148  0.056244  0.055782
  0.058392  0.055311  0.060017  0.057539  0.059458  0.059327  0.055460  0.055005  0.058014  0.055069  0.055171  0.055266  0.055386  0.145726  0.058495  0.056365
  0.057484  0.055659  0.056338  0.056942  0.058590  0.059598  0.055584  0.055273  0.058672  0.055172  0.055400  0.055430  0.057020  0.146936  0.059091  0.056810
  0.057510  0.055921  0.056130  0.057053  0.057761  0.055956  0.059724  0.056590  0.059389  0.055460  0.056594  0.055667  0.057016  0.144859  0.057455  0.056914
  0.057749  0.055783  0.056490  0.056991  0.057686  0.056133  0.057679  0.055785  0.059239  0.055411  0.055641  0.055720  0.057323  0.146645  0.058861  0.056865
  0.058453  0.055775  0.055956  0.056637  0.058840  0.056179  0.056691  0.055565  0.059127  0.055439  0.055675  0.055944  0.057358  0.146778  0.058728  0.056855
  0.059534  0.055874  0.055868  0.055849  0.059085  0.056676  0.056263  0.055854  0.059306  0.055593  0.055982  0.056021  0.057281  0.146668  0.057274  0.056872
  0.059388  0.055872  0.055709  0.056165  0.060894  0.055822  0.056437  0.055955  0.058935  0.055644  0.056006  0.056329  0.057098  0.145418  0.057564  0.056762
  0.060216  0.055355  0.055188  0.055654  0.059687  0.062263  0.055338  0.055488  0.057248  0.055075  0.057173  0.055240  0.059343  0.143990  0.056641  0.056102
  0.056374  0.052052  0.053489  0.052561  0.058372  0.101381  0.052543  0.052832  0.053864  0.051860  0.063677  0.052171  0.055893  0.136234  0.053546  0.053150
  0.065115  0.056932  0.057757  0.059948  0.057723  0.057005  0.056690  0.059129  0.058696  0.056962  0.056507  0.056587  0.057025  0.127687  0.058285  0.057951
  0.057487  0.055520  0.054877  0.057115  0.056353  0.119531  0.055188  0.061724  0.062121  0.054796  0.056988  0.055259  0.055753  0.086458  0.054737  0.056092
  0.057378  0.056570  0.055211  0.057014  0.056343  0.136539  0.055559  0.063264  0.061738  0.055275  0.058326  0.055753  0.057080  0.062811  0.055255  0.055883
  0.057475  0.056808  0.056596  0.056854  0.057495  0.142719  0.056852  0.060448  0.057160  0.056196  0.056405  0.057233  0.057836  0.057218  0.056051  0.056655
  0.056222  0.056750  0.055661  0.057112  0.059196  0.145510  0.057178  0.056825  0.058006  0.055804  0.057553  0.055724  0.058423  0.055240  0.058214  0.056582
  0.056394  0.055955  0.055809  0.057343  0.059345  0.145912  0.057156  0.056327  0.058511  0.055453  0.056623  0.055791  0.058353  0.055208  0.059030  0.056792
  0.056385  0.055872  0.055886  0.057435  0.059555  0.146036  0.056883  0.056193  0.058565  0.055422  0.056646  0.055809  0.058222  0.055219  0.059096  0.056776
  0.056406  0.055820  0.056115  0.057448  0.059903  0.145963  0.056564  0.056117  0.058528  0.055386  0.056097  0.056001  0.058180  0.055220  0.059489  0.056762
  0.057064  0.055719  0.057334  0.055899  0.060059  0.145938  0.056248  0.057720  0.057370  0.055601  0.056539  0.056947  0.057753  0.055458  0.058066  0.056285
  0.057909  0.056298  0.057890  0.057548  0.057931  0.144942  0.057054  0.058433  0.056466  0.055721  0.056147  0.056530  0.057037  0.056605  0.056861  0.056629
  0.059197  0.057041  0.056143  0.064332  0.056486  0.125400  0.057808  0.059680  0.060604  0.056589  0.056115  0.056540  0.056634  0.063598  0.056183  0.057651
  0.057628  0.057821  0.056522  0.058119  0.056884  0.139186  0.059567  0.057162  0.057231  0.056736  0.056402  0.056539  0.056917  0.057801  0.056880  0.058605
  0.056677  0.057507  0.055900  0.056524  0.056476  0.139324  0.056313  0.058198  0.056426  0.055113  0.059298  0.055279  0.055775  0.067831  0.056191  0.057166
  0.056591  0.055701  0.055629  0.056139  0.059027  0.144564  0.056335  0.059572  0.056974  0.055458  0.058836  0.056524  0.056845  0.057751  0.057449  0.056606
  0.055970  0.055874  0.056533  0.058068  0.061471  0.144701  0.057502  0.056110  0.057045  0.055742  0.056686  0.055833  0.056745  0.056137  0.057272  0.058312
  0.056252  0.057521  0.057234  0.056830  0.060370  0.145095  0.057028  0.056261  0.057381  0.055396  0.057253  0.055681  0.057406  0.055492  0.057888  0.056911
  0.056347  0.058676  0.058785  0.056648  0.060010  0.144358  0.056987  0.056183  0.056990  0.055168  0.058123  0.055456  0.057062  0.054911  0.057421  0.056876
  0.057047  0.057722  0.059105  0.058397  0.058680  0.144166  0.058375  0.056307  0.056737  0.055452  0.056316  0.055889  0.056225  0.055532  0.056758  0.057292
  0.058387  0.058629  0.056137  0.058662  0.057364  0.143379  0.058622  0.056541  0.056261  0.056216  0.055962  0.056394  0.057600  0.055769  0.056344  0.057733
  0.059502  0.056385  0.055851  0.060639  0.056399  0.122286  0.056442  0.057683  0.069386  0.056281  0.056143  0.056305  0.056829  0.066241  0.055952  0.057676
  0.060723  0.058396  0.057253  0.068013  0.059185  0.092239  0.059223  0.058067  0.066161  0.057456  0.057739  0.058125  0.059619  0.071142  0.057018  0.059641
  0.056399  0.056051  0.055524  0.056078  0.141919  0.056967  0.057250  0.055547  0.066428  0.057690  0.055473  0.056569  0.055486  0.060173  0.055776  0.056669
  0.056435  0.056121  0.055506  0.056780  0.146965  0.056274  0.056848  0.055482  0.060152  0.059465  0.056245  0.056380  0.055731  0.058985  0.056602  0.056027
  0.056854  0.056927  0.056200  0.056669  0.147786  0.056400  0.057052  0.055532  0.058746  0.059632  0.055767  0.055930  0.055810  0.057864  0.056636  0.056194
  0.056533  0.057038  0.056285  0.056699  0.147623  0.057359  0.056765  0.055835  0.058318  0.059222  0.055924  0.055806  0.055961  0.058052  0.056194  0.056385
  0.056356  0.057332  0.056203  0.056634  0.147861  0.056949  0.056611  0.055716  0.057825  0.060706  0.055755  0.055718  0.056067  0.057952  0.055878  0.056438
  0.056388  0.057224  0.056346  0.056717  0.148161  0.056958  0.056574  0.055714  0.057874  0.060443  0.055797  0.055739  0.056058  0.057854  0.055757  0.056397
  0.056423  0.057070  0.056409  0.056892  0.148214  0.056591  0.056533  0.055703  0.057819  0.061330  0.055711  0.055681  0.056114  0.057606  0.055573  0.056331
  0.056602  0.056818  0.056370  0.056536  0.148986  0.056542  0.056673  0.056074  0.057843  0.059408  0.056079  0.055934  0.056220  0.057547  0.055832  0.056536
  0.056719  0.056734  0.056274  0.056370  0.149306  0.056514  0.056829  0.056259  0.057921  0.058380  0.056295  0.056034  0.056220  0.057541  0.055980  0.056623
  0.056804  0.056669  0.056199  0.056285  0.149697  0.056464  0.057183  0.056436  0.057786  0.057108  0.056449  0.056196  0.056224  0.057580  0.056222  0.056697
  0.056620  0.056691  0.056342  0.056936  0.149191  0.056331  0.056845  0.056590  0.057663  0.058132  0.056305  0.056118  0.056276  0.057409  0.056032  0.056518
  0.056355  0.056773  0.056376  0.058337  0.148004  0.056083  0.056593  0.056137  0.057301  0.060420  0.055972  0.055910  0.056322  0.057351  0.055790  0.056277
  0.056731  0.056964  0.056396  0.058053  0.145296  0.056744  0.057128  0.056497  0.057787  0.058156  0.056351  0.056287  0.056593  0.057989  0.056253  0.056775
  0.057240  0.057326  0.056783  0.057699  0.137972  0.057855  0.057627  0.056877  0.058283  0.057698  0.056836  0.056649  0.056795  0.059493  0.057495  0.057374
  0.056409  0.056215  0.055953  0.056524  0.083250  0.055660  0.056355  0.056307  0.056583  0.055810  0.055950  0.055920  0.055705  0.130180  0.056183  0.056997
  0.056779  0.055759  0.055925  0.057760  0.061212  0.058515  0.055996  0.055504  0.058172  0.055406  0.055599  0.055727  0.057088  0.146493  0.057434  0.056630
  0.056985  0.055683  0.056066  0.057517  0.058396  0.058716  0.055881  0.055388  0.058183  0.055271  0.055511  0.055593  0.057583  0.147290  0.059241  0.056696
  0.057080  0.055670  0.055891  0.057479  0.057632  0.057761  0.055936  0.055322  0.058095  0.055192  0.055442  0.055650  0.057903  0.147537  0.060700  0.056710
  0.057314  0.055660  0.055932  0.057266  0.057481  0.057556  0.055889  0.055401  0.058029  0.055209  0.055426  0.055702  0.058004  0.147599  0.060874  0.056658
  0.057472  0.055655  0.055765  0.057460  0.057460  0.057681  0.055806  0.055692  0.057939  0.055218  0.055479  0.055868  0.057946  0.147716  0.060311  0.056533
  0.056899  0.055490  0.055768  0.057131  0.057910  0.057641  0.055703  0.055995  0.057595  0.055679  0.055565  0.058725  0.057592  0.147475  0.058671  0.056161
  0.057373  0.055678  0.055797  0.057541  0.057552  0.058096  0.055773  0.055991  0.057779  0.055264  0.055538  0.055881  0.057772  0.147640  0.059799  0.056527
  0.057220  0.055622  0.055670  0.057536  0.057453  0.058035  0.055814  0.055859  0.057744  0.055235  0.055489  0.055883  0.057892  0.147602  0.060306  0.056639
  0.057012  0.055584  0.055574  0.057660  0.057499  0.058108  0.055865  0.055814  0.057587  0.055192  0.055480  0.056005  0.057811  0.147674  0.060399  0.056739
  0.057043  0.055577  0.055532  0.057458  0.057360  0.057849  0.055860  0.055801  0.057503  0.055153  0.055417  0.056165  0.058053  0.147705  0.060857  0.056667
  0.057197  0.055524  0.055612  0.057138  0.057381  0.057954  0.055812  0.055785  0.057575  0.055150  0.055408  0.056422  0.058011  0.147684  0.060692  0.056652
  0.057186  0.055454  0.055586  0.056799  0.057394  0.057748  0.055771  0.055863  0.057586  0.055139  0.055391  0.057411  0.058136  0.147632  0.060548  0.056355
  0.057873  0.055469  0.055506  0.056847  0.057527  0.057762  0.055754  0.056090  0.058077  0.055138  0.055392  0.056330  0.058160  0.147495  0.060064  0.056516
  0.058388  0.055447  0.055568  0.056407  0.058046  0.058066  0.055759  0.055881  0.058548  0.055111  0.055660  0.057036  0.057268  0.147017  0.059003  0.056795
  0.058478  0.055630  0.055854  0.056100  0.058599  0.057438  0.055905  0.056182  0.058235  0.055357  0.056668  0.058424  0.056262  0.146172  0.057827  0.056869
  0.058568  0.057790  0.057578  0.058784  0.061901  0.060708  0.058914  0.057526  0.058183  0.057600  0.060313  0.058254  0.057999  0.120348  0.057454  0.058081
