  0.055937  0.059027  0.073461  0.058375  0.057982  0.057048  0.055899  0.054642  0.056279  0.064471  0.118432  0.065122  0.055159  0.056393  0.057063  0.054709
  0.054403  0.056162  0.066247  0.056777  0.057434  0.056676  0.054590  0.054791  0.055844  0.061020  0.137129  0.069044  0.054220  0.055025  0.055628  0.055009
  0.054875  0.056718  0.107251  0.054304  0.054057  0.054479  0.056352  0.054203  0.057952  0.060483  0.106433  0.065852  0.054088  0.054870  0.054698  0.053385
  0.058464  0.060455  0.071420  0.057302  0.058387  0.057450  0.058658  0.057661  0.059692  0.061595  0.100813  0.067029  0.057143  0.059241  0.057553  0.057136
  0.060466  0.072561  0.063633  0.058518  0.058438  0.059049  0.059774  0.057998  0.058984  0.062735  0.088972  0.063209  0.057956  0.058983  0.060836  0.057888
  0.057857  0.094416  0.056867  0.055551  0.056881  0.055422  0.055722  0.054470  0.057487  0.063801  0.104493  0.064835  0.054943  0.055816  0.056348  0.055093
  0.055649  0.081684  0.060750  0.064384  0.058350  0.054215  0.054941  0.054290  0.055843  0.066560  0.110716  0.060519  0.055008  0.055743  0.054916  0.056433
  0.058492  0.083406  0.081193  0.066299  0.061075  0.056742  0.057251  0.057547  0.058650  0.073482  0.058501  0.058345  0.056649  0.056841  0.057906  0.057618
  0.057391  0.093964  0.057122  0.056900  0.067614  0.055468  0.056283  0.064897  0.059339  0.077723  0.069149  0.057616  0.059131  0.055448  0.054456  0.057499
  0.055407  0.067217  0.059301  0.100805  0.068875  0.054325  0.056493  0.057992  0.057167  0.060053  0.053138  0.053293  0.088084  0.061819  0.053683  0.052347
  0.056860  0.060802  0.063379  0.056770  0.058941  0.062325  0.059052  0.057763  0.058823  0.063876  0.075367  0.065739  0.084439  0.061243  0.057025  0.057595
  0.053448  0.055009  0.057777  0.053044  0.055805  0.126124  0.055539  0.055981  0.056513  0.057124  0.063213  0.055058  0.063682  0.056878  0.077674  0.057133
  0.058819  0.059730  0.071122  0.061038  0.057960  0.080216  0.059413  0.058176  0.058690  0.057246  0.063145  0.060926  0.067953  0.059237  0.064706  0.061624
  0.057826  0.059672  0.058987  0.060846  0.059521  0.091834  0.059847  0.068753  0.057431  0.059520  0.060627  0.059516  0.060590  0.060018  0.064290  0.060724
  0.057280  0.057789  0.059038  0.058497  0.061677  0.085245  0.058677  0.074729  0.057363  0.059700  0.057080  0.058769  0.057535  0.063052  0.072755  0.060814
  0.057781  0.061726  0.060140  0.058453  0.065729  0.079294  0.058962  0.068084  0.057296  0.060089  0.059601  0.057231  0.061515  0.060452  0.074185  0.059464
  0.058950  0.062859  0.061693  0.062184  0.060267  0.061546  0.059375  0.061165  0.058176  0.061371  0.058772  0.058786  0.062501  0.076767  0.076688  0.058901
  0.063111  0.066417  0.066213  0.063515  0.066486  0.061699  0.060008  0.059352  0.061258  0.060200  0.060371  0.059041  0.064266  0.065484  0.062066  0.060515
  0.058843  0.070713  0.061573  0.059447  0.059333  0.062908  0.060956  0.066333  0.059597  0.061238  0.062767  0.062788  0.060570  0.061454  0.070321  0.061158
  0.055039  0.065266  0.094299  0.054960  0.053989  0.061890  0.054647  0.073222  0.055053  0.058256  0.083513  0.057232  0.055101  0.058504  0.061485  0.057545
  0.058752  0.090650  0.058341  0.054157  0.054900  0.054891  0.052968  0.095474  0.054575  0.054407  0.088787  0.060114  0.055244  0.053956  0.056506  0.056279
  0.065580  0.066915  0.057832  0.057240  0.054883  0.054749  0.062481  0.106004  0.056169  0.055079  0.074196  0.060009  0.057815  0.054408  0.055177  0.061460
  0.057825  0.061677  0.060464  0.059063  0.059114  0.056602  0.066459  0.113406  0.056707  0.057400  0.061247  0.057650  0.056148  0.059705  0.060040  0.056494
  0.056353  0.058197  0.064575  0.064283  0.059553  0.060422  0.056769  0.105077  0.057590  0.059033  0.070486  0.060568  0.056368  0.058245  0.056172  0.056308
  0.055807  0.058653  0.058382  0.068695  0.073340  0.055948  0.054769  0.108153  0.055221  0.056889  0.064049  0.065807  0.056271  0.057316  0.055431  0.055270
  0.059136  0.058458  0.057642  0.056989  0.096781  0.053307  0.056804  0.104415  0.054408  0.055754  0.070647  0.056867  0.057516  0.055521  0.053133  0.052623
  0.056002  0.058941  0.057784  0.055743  0.107767  0.055959  0.057436  0.079019  0.056221  0.062802  0.060985  0.062695  0.059461  0.055929  0.058527  0.054728
  0.052528  0.076081  0.055850  0.056045  0.082145  0.110426  0.062827  0.052312  0.051779  0.058903  0.051653  0.052547  0.050086  0.055161  0.076994  0.054662
  0.055896  0.063506  0.057379  0.055523  0.080810  0.103866  0.056800  0.055954  0.056404  0.056795  0.059141  0.055417  0.054808  0.059659  0.072153  0.055887
  0.056829  0.065057  0.054671  0.056910  0.059099  0.084373  0.056721  0.063183  0.056759  0.059035  0.060375  0.064407  0.059275  0.060739  0.087311  0.055258
  0.054341  0.070992  0.053001  0.053456  0.057073  0.073085  0.057159  0.055843  0.055479  0.056288  0.071292  0.057669  0.054412  0.058369  0.118305  0.053239
  0.054803  0.074062  0.059196  0.055737  0.053369  0.076195  0.059311  0.053383  0.053972  0.063454  0.065739  0.056466  0.053095  0.057428  0.110675  0.053115
  0.055427  0.076854  0.071655  0.056434  0.056968  0.081489  0.059336  0.056294  0.056607  0.067223  0.059973  0.059519  0.055201  0.059243  0.069831  0.057947
  0.054597  0.070547  0.054158  0.057676  0.060613  0.082728  0.062435  0.058958  0.053560  0.062534  0.056108  0.054290  0.054912  0.058945  0.099013  0.058926
  0.055832  0.074523  0.071854  0.064553  0.057746  0.067826  0.062370  0.060496  0.058457  0.058484  0.062187  0.058704  0.056511  0.064668  0.067260  0.058527
  0.052746  0.068648  0.077321  0.058061  0.058873  0.072373  0.063234  0.065348  0.052926  0.060174  0.073283  0.056983  0.049887  0.059041  0.077232  0.053871
  0.056075  0.066162  0.060602  0.070166  0.074713  0.069899  0.058599  0.068134  0.055311  0.056464  0.063251  0.064852  0.054426  0.058872  0.062590  0.059883
  0.050884  0.053120  0.073337  0.066999  0.102260  0.060304  0.052513  0.083857  0.054892  0.070677  0.067027  0.050794  0.051325  0.051843  0.056623  0.053546
  0.053812  0.074623  0.081038  0.068473  0.073867  0.056226  0.058492  0.073352  0.055585  0.052108  0.070478  0.063875  0.054140  0.049854  0.052432  0.061645
  0.049102  0.077113  0.058805  0.084773  0.054180  0.048686  0.061366  0.057075  0.051966  0.058946  0.113387  0.067862  0.052866  0.051898  0.063118  0.048855
  0.053851  0.057390  0.060367  0.057862  0.055888  0.063417  0.063100  0.067914  0.053556  0.057857  0.113216  0.063292  0.055682  0.062111  0.057252  0.057244
  0.055165  0.063288  0.070045  0.061809  0.062495  0.069474  0.063172  0.073623  0.054108  0.060287  0.061717  0.061173  0.058507  0.064649  0.061600  0.058890
  0.053358  0.056096  0.057440  0.055406  0.059818  0.053037  0.057983  0.054518  0.053780  0.062773  0.054592  0.053975  0.053755  0.126383  0.091653  0.055434
  0.054699  0.054475  0.058157  0.057373  0.055973  0.055113  0.055838  0.056916  0.056193  0.061922  0.058017  0.055242  0.059023  0.145163  0.057474  0.058424
  0.055406  0.056503  0.060226  0.056884  0.056530  0.056032  0.057657  0.056380  0.055840  0.058877  0.057226  0.056557  0.055610  0.147259  0.055388  0.057624
  0.056091  0.057075  0.057848  0.056552  0.056503  0.056387  0.058359  0.055781  0.056810  0.057754  0.056714  0.056438  0.055741  0.148669  0.056081  0.057199
  0.056355  0.057466  0.058651  0.055850  0.056248  0.056663  0.056543  0.055484  0.056162  0.058228  0.058512  0.056362  0.057207  0.146109  0.056917  0.057244
  0.056067  0.057149  0.057359  0.056225  0.055151  0.055490  0.055777  0.055507  0.055652  0.059292  0.060403  0.055825  0.061810  0.143316  0.057556  0.057421
  0.054719  0.064990  0.054245  0.057402  0.064729  0.056056  0.054728  0.055601  0.054581  0.056240  0.061768  0.054915  0.059219  0.134740  0.060125  0.055943
  0.055755  0.070792  0.059638  0.057371  0.089004  0.064523  0.057759  0.057478  0.056897  0.055182  0.063430  0.063571  0.061317  0.070403  0.060772  0.056109
  0.056292  0.066743  0.065111  0.057973  0.083268  0.063685  0.057032  0.058330  0.056390  0.062693  0.057521  0.059648  0.066637  0.069724  0.062248  0.056705
  0.054897  0.081053  0.075855  0.064166  0.067366  0.062966  0.054925  0.059650  0.055196  0.063562  0.056366  0.059363  0.057956  0.070349  0.058033  0.058297
  0.055307  0.080368  0.058302  0.060759  0.066122  0.065533  0.056335  0.060523  0.057763  0.061489  0.065461  0.059807  0.055524  0.078136  0.059900  0.058672
  0.055805  0.074045  0.058422  0.060693  0.059323  0.076396  0.057764  0.059222  0.059572  0.057388  0.067856  0.060528  0.055800  0.067705  0.073033  0.056448
  0.054910  0.075706  0.056732  0.057118  0.056805  0.075816  0.058445  0.056744  0.061187  0.057734  0.062614  0.057495  0.055365  0.067290  0.090918  0.055121
  0.053836  0.069386  0.057361  0.056567  0.058089  0.089190  0.058339  0.055990  0.057623  0.056552  0.060913  0.056220  0.053936  0.065018  0.097270  0.053713
  0.053471  0.071905  0.056750  0.054549  0.056117  0.088073  0.058913  0.053469  0.056928  0.055857  0.061271  0.055926  0.053434  0.062750  0.107626  0.052962
  0.052885  0.071811  0.058622  0.053677  0.055137  0.116198  0.061742  0.052899  0.055227  0.058073  0.058793  0.056941  0.054254  0.061454  0.079808  0.052481
  0.053594  0.070225  0.058165  0.054749  0.055024  0.115689  0.063330  0.055970  0.055002  0.057656  0.059659  0.057656  0.055866  0.063276  0.070415  0.053725
  0.053212  0.068442  0.058974  0.055035  0.053987  0.124449  0.061929  0.056551  0.054970  0.060565  0.061361  0.057692  0.053975  0.062436  0.062466  0.053956
  0.054208  0.072869  0.058932  0.055329  0.054469  0.103041  0.060770  0.058098  0.056319  0.065017  0.062166  0.057885  0.054616  0.062662  0.067806  0.055812
  0.054869  0.075001  0.068522  0.055497  0.056026  0.078760  0.059028  0.063835  0.055966  0.063145  0.065486  0.056084  0.054511  0.063436  0.073146  0.056688
  0.054471  0.068779  0.075083  0.054396  0.056166  0.066253  0.056393  0.058307  0.055126  0.057530  0.060784  0.055500  0.054021  0.062470  0.110694  0.054028
  0.055727  0.064867  0.072312  0.055604  0.057268  0.066232  0.055168  0.054449  0.054979  0.056716  0.063605  0.057060  0.053815  0.066096  0.110483  0.055618
  0.053872  0.059384  0.061140  0.060650  0.056098  0.074015  0.055172  0.054278  0.053974  0.054647  0.064495  0.057152  0.054356  0.065696  0.122313  0.052757
  0.055692  0.061768  0.063261  0.063807  0.058702  0.121338  0.055303  0.060747  0.054027  0.058155  0.059618  0.056693  0.056568  0.064741  0.055037  0.054543
  0.054232  0.059410  0.061532  0.061841  0.065319  0.113717  0.059499  0.053900  0.055880  0.058286  0.057633  0.059663  0.054117  0.071429  0.059426  0.054116
  0.053617  0.059399  0.068475  0.057562  0.058503  0.133012  0.059863  0.052748  0.055275  0.053770  0.056257  0.062384  0.055671  0.064110  0.056305  0.053049
  0.052596  0.055156  0.062737  0.056077  0.054329  0.132964  0.059803  0.052719  0.053281  0.053682  0.075308  0.056995  0.058573  0.062201  0.061727  0.051853
  0.052125  0.057033  0.062979  0.059060  0.053464  0.122499  0.062690  0.051895  0.053940  0.061867  0.063090  0.058700  0.060746  0.063761  0.063929  0.052222
  0.055754  0.065374  0.058062  0.057285  0.059601  0.118753  0.064082  0.053784  0.054209  0.064223  0.055360  0.053244  0.057536  0.060584  0.060517  0.061632
  0.059178  0.065229  0.062897  0.059092  0.069147  0.067013  0.063306  0.068018  0.059259  0.068238  0.057422  0.057862  0.057212  0.065457  0.058351  0.062320
  0.057225  0.059816  0.065722  0.057203  0.085709  0.064593  0.060193  0.061831  0.057972  0.059728  0.062567  0.059272  0.057874  0.070220  0.059949  0.060128
  0.058262  0.061965  0.062220  0.056966  0.092288  0.059416  0.057032  0.059523  0.057891  0.059661  0.060929  0.057442  0.058020  0.081158  0.057631  0.059595
  0.056260  0.064003  0.057089  0.056497  0.062490  0.055789  0.057044  0.057756  0.056931  0.056256  0.056292  0.056112  0.056519  0.135956  0.056987  0.058018
  0.054916  0.054896  0.055522  0.056278  0.091144  0.055141  0.056247  0.054944  0.055341  0.055522  0.056559  0.055775  0.055092  0.129354  0.056337  0.056931
  0.054539  0.055213  0.055008  0.056398  0.093785  0.054917  0.055454  0.054869  0.054945  0.055600  0.058342  0.056587  0.054733  0.126457  0.057097  0.056057
  0.055071  0.056439  0.055823  0.056736  0.114462  0.055147  0.055725  0.055565  0.055500  0.055787  0.059213  0.056652  0.055803  0.097371  0.057940  0.056765
  0.055865  0.057709  0.056477  0.057521  0.133362  0.056237  0.056336  0.056527  0.056773  0.056611  0.059049  0.057523  0.056948  0.067694  0.057176  0.058192
  0.055983  0.057418  0.056601  0.057514  0.140585  0.056219  0.056648  0.056820  0.057217  0.056815  0.058043  0.057951  0.056504  0.060396  0.057008  0.058280
  0.055763  0.056790  0.056338  0.057698  0.144855  0.056237  0.056453  0.056902  0.057432  0.056551  0.057701  0.057366  0.056099  0.058388  0.056902  0.058525
  0.055806  0.056874  0.056420  0.058156  0.144072  0.056507  0.056792  0.057341  0.057645  0.056276  0.058820  0.057227  0.055815  0.057079  0.056505  0.058663
  0.056051  0.056283  0.056971  0.058022  0.142737  0.057353  0.056761  0.057025  0.057536  0.057108  0.058132  0.058272  0.056197  0.056714  0.056792  0.058045
  0.056571  0.056591  0.057922  0.058537  0.136242  0.058091  0.057324  0.057314  0.057772  0.057753  0.057294  0.058783  0.056635  0.056967  0.057825  0.058377
  0.057921  0.058556  0.059227  0.059693  0.087696  0.059954  0.059214  0.057938  0.058839  0.059993  0.057966  0.059368  0.060752  0.061708  0.080676  0.060499
  0.058108  0.059907  0.059545  0.059118  0.072498  0.059545  0.060419  0.058099  0.059064  0.059699  0.059260  0.059102  0.060358  0.085609  0.069158  0.060512
  0.055993  0.059105  0.056519  0.056751  0.061089  0.056992  0.057999  0.056396  0.056730  0.056894  0.056898  0.056623  0.057025  0.134983  0.061699  0.058303
  0.056026  0.057891  0.056166  0.056864  0.056858  0.056969  0.057834  0.056031  0.056706  0.056683  0.057161  0.056548  0.056586  0.147025  0.056874  0.057779
  0.056018  0.056987  0.056274  0.056768  0.055979  0.056549  0.057527  0.056068  0.056995  0.057233  0.057345  0.056907  0.056161  0.149265  0.056286  0.057637
  0.055953  0.057189  0.056179  0.056642  0.056053  0.056293  0.057695  0.055913  0.057189  0.057337  0.057239  0.056561  0.055819  0.149403  0.056776  0.057760
  0.055927  0.057186  0.056198  0.056776  0.056333  0.056168  0.057741  0.055967  0.057119  0.057403  0.056993  0.056578  0.055668  0.149360  0.056917  0.057667
  0.055957  0.057320  0.056216  0.056878  0.056663  0.056106  0.057763  0.056056  0.056999  0.057303  0.056895  0.056368  0.055632  0.149338  0.056837  0.057672
  0.055948  0.057359  0.056249  0.057016  0.056695  0.056137  0.057839  0.056069  0.056920  0.057317  0.056820  0.056603  0.055642  0.149262  0.056576  0.057546
  0.055968  0.057179  0.056307  0.056891  0.056557  0.056175  0.057816  0.056107  0.057001  0.057454  0.056816  0.056678  0.055682  0.149333  0.056575  0.057462
  0.055928  0.057093  0.056290  0.056901  0.056417  0.056283  0.057932  0.056082  0.057019  0.057469  0.056933  0.056596  0.055664  0.149294  0.056632  0.057465
  0.055895  0.057023  0.056290  0.056909  0.056481  0.056267  0.057928  0.056021  0.057073  0.057545  0.056948  0.056561  0.055655  0.149290  0.056666  0.057446
  0.055874  0.057138  0.056247  0.056886  0.056608  0.056269  0.057908  0.056049  0.057106  0.057437  0.056904  0.056474  0.055668  0.149238  0.056638  0.057556
  0.055905  0.057227  0.056227  0.056919  0.056472  0.056309  0.057845  0.056112  0.057117  0.057371  0.056926  0.056584  0.055672  0.149239  0.056565  0.057512
  0.056036  0.056957  0.056199  0.056751  0.056184  0.056695  0.057973  0.056278  0.057260  0.057214  0.056889  0.056643  0.055654  0.149202  0.056569  0.057495
  0.056278  0.056559  0.056572  0.056544  0.056006  0.057455  0.058516  0.056219  0.056995  0.057159  0.056857  0.056712  0.055760  0.148682  0.056356  0.057330
  0.055865  0.056011  0.055824  0.057425  0.058482  0.057438  0.057095  0.056404  0.056318  0.057218  0.057800  0.057330  0.055500  0.145667  0.058309  0.057314
  0.055687  0.057307  0.056114  0.057758  0.056627  0.060712  0.056258  0.055807  0.056108  0.056164  0.058172  0.057859  0.055564  0.143703  0.058513  0.057646
  0.058946  0.061359  0.059195  0.060210  0.068798  0.063769  0.059056  0.058727  0.059380  0.058891  0.060179  0.062174  0.060262  0.069762  0.077716  0.061576
  0.057663  0.058833  0.057875  0.058798  0.072054  0.069407  0.057826  0.057087  0.058085  0.057748  0.057850  0.062088  0.057612  0.062225  0.095107  0.059745
  0.055166  0.055819  0.055172  0.056788  0.105239  0.080407  0.056082  0.055281  0.056374  0.056187  0.055290  0.059435  0.055568  0.062663  0.076524  0.058006
  0.055639  0.055823  0.056385  0.058432  0.092805  0.074536  0.057653  0.056107  0.057556  0.056372  0.056158  0.058827  0.055681  0.064408  0.084754  0.058863
  0.055918  0.056436  0.057330  0.059164  0.104708  0.063724  0.057551  0.057509  0.057821  0.057303  0.056198  0.057520  0.056051  0.064128  0.079682  0.058957
  0.055573  0.056893  0.057177  0.056044  0.129050  0.059061  0.057210  0.058748  0.056648  0.058976  0.056010  0.056164  0.055571  0.065522  0.062448  0.058904
  0.055313  0.059499  0.058298  0.055325  0.137507  0.061744  0.057372  0.055610  0.056443  0.058050  0.057313  0.056301  0.055804  0.059682  0.056906  0.058832
  0.056079  0.056874  0.056925  0.056124  0.140025  0.060002  0.056009  0.055709  0.057509  0.057579  0.060416  0.055874  0.055936  0.060832  0.055584  0.058524
  0.056340  0.059140  0.058204  0.059717  0.125887  0.057765  0.057630  0.056791  0.058867  0.058550  0.060334  0.057163  0.056498  0.059613  0.057844  0.059655
  0.055899  0.057509  0.058986  0.057415  0.138180  0.056860  0.057406  0.056183  0.057100  0.057949  0.058117  0.058085  0.056217  0.058521  0.057356  0.058217
  0.055321  0.061990  0.066931  0.055108  0.134762  0.056000  0.055926  0.056512  0.055358  0.062267  0.054934  0.055292  0.057438  0.059433  0.055489  0.057241
  0.053843  0.058657  0.057846  0.053305  0.095753  0.056345  0.053393  0.056879  0.053380  0.060164  0.059508  0.056898  0.058748  0.115552  0.055857  0.053872
  0.054209  0.060665  0.065364  0.053156  0.078586  0.055120  0.053024  0.054785  0.053639  0.052936  0.063033  0.054595  0.053667  0.122792  0.068796  0.055633
  0.057799  0.077639  0.061676  0.061320  0.070261  0.059955  0.058963  0.059871  0.059662  0.059720  0.064746  0.062833  0.059923  0.065237  0.061592  0.058802
  0.057656  0.057008  0.075961  0.057305  0.068154  0.057359  0.057785  0.060554  0.056152  0.063907  0.093130  0.061259  0.056819  0.057011  0.060852  0.059089
  0.053744  0.097817  0.096811  0.056010  0.052034  0.051921  0.051233  0.056638  0.051412  0.063026  0.099160  0.053088  0.056047  0.054055  0.053135  0.053867
  0.058719  0.061570  0.076391  0.060829  0.054231  0.055684  0.055923  0.054373  0.055010  0.055921  0.122143  0.068006  0.054519  0.054610  0.055806  0.056265
  0.057808  0.068181  0.089693  0.057239  0.056118  0.052983  0.056637  0.054196  0.054814  0.057289  0.104510  0.070239  0.056248  0.056133  0.054139  0.053774
  0.062149  0.068606  0.078563  0.057593  0.056461  0.061197  0.059660  0.059535  0.062654  0.065487  0.077915  0.059619  0.057808  0.058131  0.056035  0.058589
  0.059986  0.070011  0.124303  0.059060  0.053082  0.052701  0.056315  0.052875  0.057902  0.053948  0.082020  0.059265  0.055716  0.057365  0.052457  0.052993
  0.056044  0.056776  0.056956  0.057427  0.059828  0.057426  0.056347  0.056689  0.055835  0.055182  0.131981  0.063498  0.070378  0.055736  0.054957  0.054940
  0.052855  0.059939  0.064506  0.052817  0.058561  0.055700  0.054328  0.052830  0.054345  0.062361  0.128768  0.061123  0.079969  0.053407  0.055392  0.053098
  0.054589  0.057755  0.061737  0.056815  0.062892  0.077080  0.059798  0.057882  0.056297  0.060408  0.064572  0.056341  0.058873  0.080484  0.075336  0.059141
  0.054431  0.055769  0.057348  0.055607  0.067192  0.055395  0.055825  0.055962  0.054889  0.055336  0.058806  0.057777  0.056032  0.143517  0.057260  0.058854
  0.054794  0.060105  0.055781  0.055155  0.064048  0.055814  0.058157  0.055336  0.055182  0.055047  0.061751  0.054549  0.056555  0.144936  0.055744  0.057048
  0.055543  0.061753  0.057107  0.056144  0.057052  0.055375  0.056858  0.055268  0.055676  0.056592  0.057228  0.055728  0.056637  0.146950  0.057454  0.058636
  0.056167  0.056754  0.056507  0.056529  0.056142  0.056466  0.057919  0.056141  0.057007  0.057487  0.056777  0.056265  0.055823  0.149183  0.056933  0.057899
  0.056253  0.056448  0.056444  0.056600  0.056410  0.057190  0.058205  0.056610  0.056887  0.056746  0.056313  0.056416  0.056236  0.148560  0.056948  0.057733
  0.055842  0.056093  0.056293  0.057110  0.057894  0.056857  0.058025  0.058064  0.056321  0.057852  0.057158  0.056551  0.055992  0.146059  0.057177  0.056711
  0.055622  0.056590  0.056650  0.057836  0.063146  0.057629  0.057037  0.058331  0.056033  0.056489  0.058844  0.056489  0.056253  0.139399  0.056653  0.056998
  0.058288  0.059229  0.058932  0.061555  0.085601  0.059512  0.058856  0.061017  0.059042  0.057788  0.059524  0.058346  0.059176  0.069850  0.072974  0.060310
  0.056678  0.057092  0.056008  0.059927  0.080900  0.056799  0.056612  0.058964  0.057638  0.055786  0.056730  0.057008  0.056787  0.061349  0.114175  0.057547
  0.055323  0.054724  0.054593  0.058336  0.098641  0.055408  0.055156  0.058557  0.055451  0.055061  0.054842  0.056776  0.054544  0.058855  0.117973  0.055758
  0.055947  0.054215  0.054893  0.057277  0.114437  0.056823  0.056118  0.058745  0.055646  0.055145  0.054620  0.055778  0.054381  0.059740  0.099384  0.056852
  0.056259  0.054537  0.055126  0.057564  0.097332  0.058000  0.056966  0.058803  0.055953  0.055235  0.054701  0.056038  0.055400  0.059604  0.110863  0.057619
  0.055695  0.055102  0.056307  0.057126  0.075048  0.055406  0.056650  0.056029  0.056390  0.056334  0.055176  0.056216  0.057640  0.087308  0.105531  0.058041
  0.055129  0.055416  0.057145  0.057352  0.061095  0.055224  0.055703  0.055632  0.056461  0.056877  0.055128  0.055686  0.055938  0.107868  0.101549  0.057799
  0.055801  0.056069  0.056844  0.056576  0.059055  0.056144  0.057181  0.056468  0.057445  0.058381  0.055958  0.056660  0.057233  0.142082  0.060377  0.057726
  0.055840  0.055834  0.056439  0.057172  0.056140  0.056857  0.058019  0.057051  0.056540  0.057599  0.056622  0.056708  0.057835  0.147512  0.056427  0.057407
  0.055933  0.056296  0.056239  0.056783  0.055891  0.056568  0.057688  0.056241  0.057111  0.057656  0.056748  0.056573  0.056778  0.149058  0.056839  0.057598
  0.055945  0.057063  0.056148  0.056674  0.056271  0.056226  0.057275  0.055953  0.057176  0.057607  0.057054  0.056583  0.055685  0.149296  0.057077  0.057966
  0.056056  0.057166  0.056222  0.056816  0.056387  0.056295  0.057290  0.056117  0.057062  0.057474  0.056874  0.056576  0.055712  0.149433  0.056859  0.057661
  0.056076  0.057110  0.056320  0.056875  0.056390  0.056346  0.057494  0.056142  0.057008  0.057227  0.056822  0.056632  0.055753  0.149511  0.056726  0.057570
  0.056968  0.062725  0.067079  0.058176  0.058349  0.058532  0.057598  0.056796  0.057335  0.058221  0.115166  0.062378  0.057224  0.058336  0.059091  0.056028
  0.055615  0.061195  0.077050  0.056591  0.055919  0.055344  0.056454  0.055469  0.055852  0.056066  0.120770  0.070467  0.054710  0.056074  0.056264  0.056161
  0.059593  0.055982  0.134752  0.056846  0.057199  0.055881  0.057085  0.058353  0.059034  0.055802  0.060768  0.064450  0.055721  0.056440  0.056053  0.056043
  0.059198  0.059819  0.120276  0.056163  0.058434  0.056060  0.057309  0.057888  0.058455  0.058068  0.064672  0.063069  0.057592  0.057950  0.057032  0.058015
  0.062040  0.075720  0.075648  0.060374  0.059755  0.059192  0.059440  0.059177  0.060795  0.061406  0.062959  0.064461  0.060154  0.059539  0.059445  0.059895
  0.058427  0.087667  0.062555  0.057650  0.059757  0.057095  0.057608  0.057644  0.058776  0.058684  0.095181  0.057566  0.057500  0.058478  0.058233  0.057178
  0.060487  0.084168  0.064598  0.061418  0.059448  0.057877  0.058183  0.058088  0.062067  0.063910  0.067694  0.065037  0.059274  0.059538  0.059768  0.058446
  0.056218  0.060681  0.080455  0.061366  0.061946  0.058213  0.056864  0.056077  0.058391  0.080956  0.077311  0.063510  0.056906  0.057558  0.056776  0.056771
  0.055504  0.102927  0.078673  0.062483  0.080570  0.054988  0.054626  0.056522  0.054975  0.059002  0.058765  0.059458  0.057119  0.055148  0.055728  0.053514
  0.052648  0.100050  0.066557  0.076329  0.062468  0.053964  0.054460  0.064023  0.056670  0.065088  0.051926  0.062584  0.073545  0.052489  0.054846  0.052356
  0.056757  0.062142  0.063444  0.057193  0.059011  0.068593  0.057903  0.059119  0.059643  0.070997  0.059633  0.059539  0.089061  0.057764  0.061174  0.058026
  0.053328  0.053783  0.055962  0.053477  0.055252  0.128383  0.054324  0.053926  0.055455  0.058506  0.074743  0.059043  0.064203  0.056366  0.068368  0.054881
  0.057124  0.056294  0.059971  0.057156  0.060192  0.112372  0.059613  0.055461  0.057355  0.056029  0.059641  0.058437  0.067054  0.058289  0.065682  0.059329
  0.057340  0.058274  0.060217  0.059193  0.057637  0.134313  0.056697  0.055682  0.056434  0.055909  0.058014  0.056534  0.058909  0.058213  0.056822  0.059814
  0.056722  0.058682  0.059490  0.056578  0.065054  0.113780  0.058307  0.059493  0.056991  0.058130  0.058101  0.057788  0.058597  0.062899  0.058834  0.060554
  0.058551  0.059508  0.063991  0.060026  0.061379  0.088216  0.059217  0.064108  0.057761  0.062569  0.060171  0.060752  0.060632  0.060270  0.063877  0.058973
  0.058247  0.061090  0.062286  0.059848  0.065395  0.061687  0.059474  0.060092  0.058011  0.067640  0.061205  0.061087  0.076565  0.066104  0.063449  0.057820
  0.059125  0.061993  0.057488  0.060592  0.060651  0.067186  0.060115  0.057471  0.057285  0.062649  0.061471  0.064311  0.063094  0.061086  0.086091  0.059392
  0.057761  0.063739  0.063039  0.057368  0.056591  0.058801  0.059361  0.060281  0.057472  0.063276  0.076447  0.061490  0.057141  0.060441  0.085678  0.061115
  0.058023  0.064404  0.064875  0.059398  0.056129  0.064921  0.058378  0.074231  0.056945  0.061552  0.075548  0.067384  0.057665  0.058457  0.062012  0.060079
  0.057193  0.111708  0.058553  0.061761  0.052994  0.060729  0.057583  0.079247  0.056285  0.057512  0.067305  0.056689  0.057203  0.054917  0.053895  0.056427
  0.059612  0.067358  0.055222  0.054747  0.055835  0.057488  0.074650  0.105041  0.054679  0.057213  0.074213  0.059795  0.058779  0.054459  0.053893  0.057015
  0.055981  0.056406  0.061499  0.057647  0.061865  0.057950  0.061518  0.081304  0.056778  0.059161  0.099569  0.062005  0.057451  0.056611  0.057037  0.057220
  0.057513  0.057113  0.062127  0.058247  0.073195  0.059461  0.067956  0.085937  0.056670  0.055849  0.078743  0.058297  0.055754  0.055809  0.056385  0.060945
  0.057114  0.063415  0.057927  0.057917  0.093495  0.061564  0.072653  0.063304  0.054524  0.053800  0.088504  0.060208  0.056103  0.053987  0.053640  0.051846
  0.060642  0.056308  0.057465  0.054627  0.124413  0.072269  0.065042  0.058631  0.053209  0.060446  0.066016  0.055286  0.054643  0.051932  0.058079  0.050994
  0.059826  0.056177  0.058091  0.056664  0.082770  0.064379  0.057679  0.069554  0.056186  0.058535  0.054839  0.059067  0.058910  0.056583  0.095427  0.055315
  0.058327  0.058654  0.055519  0.054338  0.062313  0.096793  0.056620  0.054969  0.054917  0.063536  0.053857  0.054103  0.054023  0.056803  0.108541  0.056687
  0.056635  0.067150  0.055331  0.055146  0.058070  0.136439  0.059734  0.053428  0.055628  0.057415  0.057519  0.057223  0.054237  0.056971  0.063839  0.055235
  0.062374  0.069193  0.059476  0.060802  0.059435  0.084875  0.060242  0.058265  0.058268  0.063638  0.057861  0.063928  0.060080  0.063114  0.060798  0.057652
  0.059224  0.073967  0.062192  0.060503  0.058234  0.079383  0.056476  0.060880  0.057205  0.060385  0.061187  0.058269  0.056608  0.070174  0.067487  0.057825
  0.059845  0.059372  0.063179  0.076523  0.057695  0.079237  0.059170  0.056766  0.057115  0.059291  0.059306  0.057081  0.058955  0.073698  0.064134  0.058633
  0.055506  0.060136  0.073260  0.064247  0.062592  0.070327  0.057806  0.060295  0.055970  0.056570  0.063019  0.058225  0.053849  0.064157  0.087653  0.056387
  0.052406  0.072725  0.060172  0.092079  0.060336  0.124178  0.052455  0.053483  0.052987  0.052362  0.053592  0.052720  0.052344  0.058812  0.054106  0.055243
  0.058373  0.072170  0.071108  0.094924  0.054751  0.076211  0.053608  0.053026  0.054639  0.060146  0.063247  0.061609  0.057746  0.058164  0.055716  0.054561
  0.053876  0.077716  0.055717  0.109112  0.055440  0.071522  0.072693  0.053403  0.054410  0.058143  0.056848  0.058520  0.053351  0.055244  0.062104  0.051901
  0.053382  0.081978  0.067989  0.069329  0.054970  0.069337  0.069700  0.062010  0.055398  0.062317  0.067611  0.056918  0.055758  0.058539  0.059001  0.055764
  0.054147  0.057080  0.055670  0.057839  0.054078  0.065354  0.056962  0.075032  0.054705  0.071095  0.097712  0.076585  0.052905  0.062065  0.055838  0.052933
  0.051408  0.054478  0.079416  0.051292  0.054288  0.062472  0.052262  0.111389  0.050774  0.064636  0.087651  0.069625  0.049618  0.051995  0.060977  0.047720
  0.052241  0.081001  0.062017  0.066074  0.058637  0.061299  0.062133  0.062196  0.052962  0.062591  0.083894  0.059421  0.056229  0.056098  0.070581  0.052626
  0.057016  0.064090  0.069136  0.057326  0.052935  0.060156  0.072524  0.052322  0.056245  0.058713  0.080791  0.060203  0.071750  0.063047  0.068650  0.055095
  0.054678  0.063977  0.059470  0.055865  0.057907  0.070616  0.064128  0.054678  0.055511  0.054107  0.065842  0.055214  0.063981  0.061147  0.108125  0.054752
  0.054347  0.055413  0.074009  0.053298  0.061613  0.054574  0.057827  0.055235  0.054499  0.058917  0.061685  0.054085  0.053606  0.120059  0.074193  0.056640
  0.054155  0.055464  0.058067  0.055892  0.055570  0.055591  0.056472  0.056284  0.055837  0.058890  0.067814  0.055035  0.055550  0.142385  0.059348  0.057645
  0.055051  0.057157  0.059863  0.055867  0.056161  0.056075  0.057249  0.055961  0.055530  0.061872  0.057527  0.056825  0.055199  0.146288  0.055733  0.057641
  0.055658  0.057000  0.059977  0.056090  0.056590  0.056294  0.057950  0.055960  0.056464  0.059025  0.056926  0.056267  0.055340  0.147295  0.056283  0.056880
  0.056179  0.058995  0.059149  0.056228  0.056170  0.056054  0.056670  0.055578  0.056519  0.056976  0.059735  0.056126  0.055931  0.144762  0.058399  0.056528
  0.055997  0.060460  0.056301  0.057973  0.056064  0.059433  0.055737  0.056186  0.056053  0.057588  0.057946  0.058265  0.057054  0.143160  0.056180  0.055606
  0.053332  0.064242  0.053266  0.062346  0.107066  0.057158  0.055111  0.054196  0.053381  0.052948  0.053046  0.054248  0.054006  0.111376  0.059685  0.054593
  0.056238  0.066952  0.059537  0.055777  0.092428  0.059935  0.057123  0.066642  0.055575  0.055464  0.055148  0.057833  0.060607  0.069429  0.075601  0.055710
  0.059177  0.069157  0.055993  0.057106  0.059267  0.060043  0.057470  0.064519  0.055737  0.067945  0.058754  0.054598  0.059419  0.063352  0.096224  0.061237
  0.055515  0.072772  0.059948  0.063652  0.058285  0.052934  0.054209  0.065664  0.056234  0.061743  0.056355  0.061451  0.052774  0.065106  0.107669  0.055688
  0.052215  0.089528  0.060218  0.062662  0.053127  0.053661  0.052043  0.056881  0.054564  0.054712  0.056063  0.054884  0.051505  0.097611  0.093028  0.057298
  0.053697  0.072498  0.058960  0.067969  0.056787  0.060839  0.056698  0.060323  0.056099  0.054023  0.056763  0.055645  0.052331  0.105179  0.078862  0.053327
  0.053290  0.072614  0.053900  0.065786  0.059945  0.064741  0.058811  0.054901  0.055106  0.060408  0.058753  0.055944  0.054075  0.104959  0.073845  0.052920
  0.053841  0.076742  0.056246  0.067431  0.062866  0.067894  0.061530  0.055082  0.055655  0.064666  0.056543  0.055995  0.058446  0.095536  0.057669  0.053858
  0.053461  0.069480  0.057295  0.080860  0.059477  0.072418  0.060775  0.057327  0.054771  0.055936  0.063400  0.054544  0.056896  0.080081  0.069387  0.053893
  0.051613  0.082506  0.058298  0.083701  0.057054  0.103692  0.057712  0.055926  0.053392  0.051940  0.058703  0.052560  0.052664  0.071807  0.056187  0.052245
  0.052778  0.069443  0.057322  0.072777  0.058042  0.130581  0.056488  0.057478  0.053330  0.052894  0.054932  0.053521  0.052651  0.069416  0.054624  0.053722
  0.054512  0.062670  0.062531  0.070514  0.057088  0.116700  0.054897  0.058188  0.055974  0.055465  0.056931  0.057697  0.055165  0.070161  0.057005  0.054504
  0.055784  0.062389  0.065626  0.070572  0.057367  0.093250  0.057311  0.057773  0.057583  0.058722  0.057322  0.060168  0.058087  0.074099  0.058037  0.055911
  0.054767  0.060465  0.066223  0.071164  0.056392  0.082254  0.057867  0.060378  0.056375  0.058179  0.058556  0.060947  0.056281  0.069635  0.075205  0.055311
  0.054451  0.066916  0.065460  0.064622  0.056720  0.078265  0.058037  0.065526  0.055705  0.063821  0.059516  0.060772  0.053801  0.066012  0.072677  0.057699
  0.054247  0.069951  0.066187  0.069003  0.055520  0.069886  0.056302  0.064562  0.055515  0.061035  0.056356  0.059359  0.055337  0.069755  0.079109  0.057877
  0.052664  0.076336  0.062978  0.079273  0.053546  0.071050  0.057920  0.065342  0.053816  0.060267  0.065729  0.060130  0.051242  0.068238  0.067940  0.053528
  0.052024  0.067287  0.054548  0.099314  0.057659  0.078253  0.053759  0.062807  0.056933  0.055299  0.052987  0.065282  0.054076  0.082339  0.054994  0.052438
  0.055907  0.083832  0.056742  0.076735  0.059918  0.075494  0.054870  0.055851  0.056248  0.059767  0.064062  0.056732  0.052294  0.080655  0.056974  0.053921
  0.055846  0.094824  0.053309  0.070743  0.061790  0.077901  0.053351  0.055985  0.055771  0.055375  0.058064  0.058301  0.052321  0.085600  0.055748  0.055072
  0.052610  0.098438  0.053575  0.088692  0.061229  0.083931  0.053683  0.051957  0.051250  0.057782  0.054954  0.053298  0.054051  0.082081  0.050210  0.052259
  0.054934  0.066860  0.072478  0.057708  0.059312  0.057764  0.056538  0.056118  0.053678  0.060718  0.065434  0.081251  0.057427  0.088785  0.056644  0.054350
  0.057806  0.059263  0.067188  0.060356  0.064903  0.066953  0.062357  0.060635  0.057260  0.059785  0.060655  0.062164  0.059766  0.073329  0.069129  0.058450
  0.057450  0.069493  0.060699  0.060853  0.076012  0.058102  0.056895  0.057877  0.057103  0.056662  0.057827  0.060113  0.066210  0.069735  0.076309  0.058661
  0.056851  0.063082  0.058968  0.059134  0.106630  0.062039  0.056366  0.060557  0.056248  0.056659  0.061764  0.059532  0.055824  0.062719  0.064795  0.058833
  0.058507  0.058220  0.059314  0.058895  0.105691  0.060712  0.059192  0.059763  0.058311  0.058962  0.058835  0.058288  0.058240  0.069330  0.058234  0.059506
  0.056580  0.062814  0.058276  0.057830  0.061739  0.056377  0.057803  0.056904  0.057277  0.056721  0.057290  0.057230  0.057725  0.129939  0.057300  0.058195
  0.054905  0.055241  0.055631  0.056245  0.088830  0.055094  0.056822  0.054968  0.055357  0.055374  0.056630  0.055479  0.055381  0.130362  0.056570  0.057111
  0.054524  0.055149  0.054910  0.056261  0.093986  0.055010  0.055379  0.054774  0.054887  0.055928  0.057677  0.056738  0.054642  0.127639  0.056438  0.056058
  0.055362  0.056874  0.056173  0.057230  0.117795  0.055665  0.056256  0.055933  0.055933  0.056126  0.059914  0.057328  0.056004  0.088886  0.057413  0.057105
  0.055853  0.057360  0.056509  0.057668  0.134665  0.056234  0.056247  0.056487  0.056750  0.056645  0.059322  0.057326  0.056843  0.066732  0.057190  0.058169
  0.056015  0.057353  0.056616  0.057654  0.139823  0.056378  0.056648  0.056912  0.057168  0.056690  0.058412  0.057538  0.056527  0.060654  0.057231  0.058380
  0.055826  0.056879  0.056462  0.057658  0.144403  0.056258  0.056546  0.056889  0.057333  0.056463  0.057532  0.057311  0.056168  0.058944  0.056878  0.058450
  0.055839  0.056836  0.056279  0.057962  0.144599  0.056435  0.056682  0.057153  0.057639  0.056435  0.057529  0.057036  0.056077  0.058265  0.056617  0.058616
  0.055813  0.056155  0.056784  0.057576  0.143455  0.057642  0.056793  0.056347  0.057621  0.056875  0.058331  0.058386  0.056173  0.057069  0.056958  0.058022
  0.056225  0.056385  0.057082  0.058362  0.140554  0.057489  0.057125  0.056848  0.057621  0.057042  0.057685  0.059385  0.056235  0.056984  0.057158  0.057822
  0.058227  0.059023  0.059837  0.059915  0.087069  0.060037  0.059792  0.058001  0.059297  0.059293  0.059035  0.059749  0.060985  0.062172  0.076720  0.060849
  0.058349  0.060019  0.059388  0.059475  0.075577  0.059286  0.060504  0.058363  0.059600  0.059638  0.060141  0.059125  0.061106  0.065640  0.082516  0.061272
  0.056336  0.059800  0.056753  0.057295  0.059817  0.057688  0.058475  0.056729  0.056852  0.057279  0.058315  0.057027  0.057554  0.131046  0.060581  0.058453
  0.055770  0.058401  0.056347  0.056530  0.058061  0.057025  0.057711  0.056083  0.056388  0.056561  0.057683  0.056463  0.056626  0.145572  0.057154  0.057623
  0.056001  0.056948  0.056265  0.056828  0.056320  0.056568  0.057382  0.055958  0.057015  0.057326  0.057462  0.056988  0.055975  0.149147  0.056151  0.057665
  0.055964  0.057015  0.056248  0.056681  0.056229  0.056201  0.057920  0.055918  0.057162  0.057385  0.057116  0.056605  0.055781  0.149358  0.056724  0.057693
  0.055913  0.057062  0.056200  0.056759  0.056562  0.056090  0.058015  0.055962  0.057159  0.057338  0.056864  0.056603  0.055639  0.149255  0.056886  0.057692
  0.055935  0.057228  0.056167  0.056820  0.056825  0.056100  0.057754  0.056093  0.057084  0.057339  0.056817  0.056497  0.055618  0.149272  0.056761  0.057689
  0.055925  0.057345  0.056235  0.056932  0.056758  0.056165  0.057901  0.056066  0.057036  0.057331  0.056789  0.056591  0.055666  0.149256  0.056498  0.057504
  0.055939  0.057275  0.056337  0.056871  0.056561  0.056207  0.057728  0.056098  0.057062  0.057517  0.056811  0.056584  0.055694  0.149366  0.056487  0.057465
  0.055906  0.057280  0.056322  0.056846  0.056439  0.056258  0.057800  0.056061  0.057107  0.057450  0.056960  0.056474  0.055686  0.149358  0.056567  0.057485
  0.055905  0.057271  0.056300  0.056906  0.056401  0.056231  0.057781  0.056047  0.057113  0.057407  0.056978  0.056629  0.055665  0.149336  0.056575  0.057453
  0.055892  0.057260  0.056278  0.056911  0.056469  0.056233  0.057864  0.056096  0.057116  0.057350  0.057001  0.056502  0.055664  0.149290  0.056551  0.057524
  0.055934  0.057233  0.056265  0.056995  0.056163  0.056320  0.057922  0.056137  0.057115  0.057358  0.057022  0.056571  0.055656  0.149252  0.056597  0.057462
  0.056111  0.056660  0.057240  0.056602  0.055807  0.056769  0.058425  0.056176  0.056820  0.057536  0.056921  0.056527  0.055700  0.148866  0.056499  0.057342
  0.056323  0.057175  0.057402  0.056346  0.056038  0.057492  0.058590  0.056054  0.056657  0.057312  0.056949  0.056474  0.055832  0.147927  0.056295  0.057134
  0.055882  0.056559  0.056050  0.056752  0.058621  0.057958  0.057272  0.056543  0.056266  0.057062  0.057322  0.057531  0.055565  0.145809  0.057543  0.057263
  0.055635  0.057343  0.056261  0.057358  0.056704  0.061073  0.056178  0.055732  0.056106  0.056387  0.058306  0.058013  0.055583  0.143433  0.058351  0.057536
  0.059011  0.060511  0.060591  0.059628  0.068880  0.066507  0.058663  0.058560  0.059604  0.058848  0.060370  0.061819  0.060038  0.068433  0.077226  0.061311
