  0.055417  0.055795  0.134820  0.057387  0.057015  0.054642  0.058134  0.054194  0.055158  0.080071  0.057411  0.058700  0.055524  0.054735  0.054884  0.056113
  0.055913  0.056164  0.136005  0.056749  0.056743  0.054210  0.056300  0.053898  0.055340  0.078653  0.056356  0.063010  0.055612  0.054590  0.054573  0.055883
  0.056687  0.055453  0.138693  0.056166  0.055568  0.054137  0.054998  0.053728  0.054409  0.082918  0.057394  0.061922  0.054311  0.054755  0.053783  0.055078
  0.055175  0.055243  0.139488  0.056646  0.055186  0.054768  0.055212  0.054307  0.054538  0.082454  0.056811  0.061168  0.055133  0.054365  0.055114  0.054390
  0.055261  0.055097  0.137748  0.058737  0.055944  0.054872  0.056504  0.055204  0.054572  0.084406  0.058675  0.054605  0.054845  0.054337  0.054786  0.054408
  0.056065  0.059684  0.134527  0.058565  0.057721  0.055233  0.057500  0.056239  0.056873  0.070667  0.059583  0.056202  0.054803  0.055146  0.055625  0.055568
  0.058366  0.065797  0.129616  0.061550  0.057558  0.056089  0.057330  0.057147  0.057275  0.058407  0.058437  0.058030  0.055130  0.055010  0.057325  0.056934
  0.060350  0.088738  0.116401  0.057308  0.056155  0.056058  0.054785  0.056340  0.056610  0.056928  0.063588  0.056802  0.055910  0.054710  0.055499  0.053820
  0.063282  0.110224  0.095853  0.057001  0.057059  0.053006  0.052541  0.053509  0.053407  0.064676  0.061039  0.060396  0.055535  0.053191  0.056660  0.052620
  0.065250  0.067953  0.078519  0.059196  0.058685  0.061747  0.060362  0.062501  0.057423  0.061909  0.058673  0.060125  0.068118  0.060470  0.059207  0.059863
  0.062266  0.063204  0.059327  0.059231  0.062220  0.058071  0.056834  0.060967  0.057784  0.062746  0.056952  0.061725  0.068136  0.079325  0.066032  0.065180
  0.064410  0.061766  0.058271  0.056065  0.060374  0.074854  0.055425  0.056852  0.059605  0.056455  0.061535  0.057574  0.058032  0.072505  0.088182  0.058097
  0.059089  0.060021  0.056403  0.057320  0.062018  0.097986  0.056931  0.057984  0.058497  0.058520  0.061808  0.058427  0.057402  0.059203  0.081422  0.056969
  0.055387  0.060035  0.056044  0.054860  0.058616  0.083581  0.053774  0.058245  0.055984  0.056151  0.106423  0.057621  0.054417  0.066690  0.066989  0.055184
  0.058246  0.059731  0.058970  0.059198  0.064278  0.072686  0.059223  0.058923  0.058954  0.060763  0.059305  0.061796  0.058710  0.067595  0.078762  0.062860
  0.063027  0.056311  0.058088  0.056338  0.066819  0.059847  0.056292  0.057844  0.057703  0.062809  0.057997  0.056200  0.056639  0.068884  0.104499  0.060703
  0.056540  0.055189  0.060986  0.054202  0.070881  0.059327  0.055383  0.055406  0.056459  0.061986  0.056360  0.059193  0.061516  0.075040  0.102597  0.058937
  0.057550  0.057058  0.055825  0.054839  0.065523  0.061481  0.059320  0.057607  0.056172  0.056090  0.058753  0.058980  0.067431  0.056455  0.118929  0.057986
  0.054576  0.067975  0.058430  0.054657  0.060311  0.056461  0.055866  0.059222  0.054981  0.055462  0.054299  0.061557  0.059804  0.060813  0.127863  0.057723
  0.056784  0.063410  0.066348  0.056662  0.062488  0.064945  0.056523  0.057761  0.056357  0.057575  0.058878  0.059759  0.057801  0.056787  0.109919  0.058004
  0.058912  0.064226  0.059713  0.057850  0.066508  0.059516  0.058549  0.077319  0.057311  0.060212  0.059050  0.060472  0.060005  0.059068  0.082059  0.059230
  0.056735  0.058918  0.058262  0.056598  0.065660  0.057011  0.064390  0.114672  0.057177  0.057421  0.061323  0.059803  0.058913  0.057779  0.058551  0.056789
  0.057711  0.059480  0.064749  0.058441  0.059091  0.058326  0.075181  0.099946  0.057384  0.057297  0.061104  0.061488  0.057588  0.057713  0.057098  0.057402
  0.059647  0.057690  0.059745  0.057518  0.062476  0.058526  0.076835  0.102230  0.058270  0.058290  0.059611  0.056863  0.058708  0.058698  0.058105  0.056786
  0.059370  0.061938  0.057578  0.057501  0.061713  0.060007  0.063898  0.085508  0.058284  0.062273  0.079449  0.058706  0.060902  0.057810  0.057345  0.057718
  0.056159  0.055569  0.056025  0.055604  0.081010  0.069093  0.056583  0.066726  0.056664  0.060419  0.106078  0.054448  0.061056  0.054931  0.054784  0.054850
  0.057324  0.056526  0.060148  0.062191  0.064223  0.093594  0.060748  0.060749  0.056046  0.064914  0.059945  0.062925  0.066385  0.057032  0.060382  0.056867
  0.055268  0.055072  0.058086  0.055408  0.056835  0.108730  0.054761  0.054670  0.053917  0.059330  0.056678  0.056484  0.061916  0.055741  0.101560  0.055546
  0.056039  0.054655  0.055058  0.054343  0.056205  0.083444  0.055094  0.057235  0.054178  0.055644  0.057724  0.057425  0.060823  0.057309  0.128965  0.055859
  0.055379  0.056763  0.056732  0.054719  0.061448  0.057232  0.055019  0.057307  0.054974  0.061238  0.060620  0.057835  0.062739  0.055913  0.133558  0.058524
  0.054361  0.055894  0.057127  0.054233  0.066083  0.056537  0.054225  0.056856  0.054364  0.057057  0.060996  0.056935  0.063862  0.056356  0.136971  0.058144
  0.053886  0.054858  0.056366  0.054283  0.068952  0.055889  0.055347  0.056432  0.054026  0.054548  0.065956  0.055526  0.061701  0.057899  0.138272  0.056058
  0.054337  0.053861  0.058722  0.054159  0.059394  0.063226  0.055933  0.055313  0.055160  0.058666  0.069810  0.057842  0.065409  0.057109  0.125844  0.055215
  0.054652  0.053850  0.053616  0.053004  0.059175  0.062111  0.056476  0.056429  0.052573  0.053344  0.087222  0.063273  0.060008  0.066946  0.112822  0.054499
  0.057551  0.061928  0.054647  0.058201  0.063928  0.061255  0.060067  0.056903  0.054192  0.056568  0.075117  0.070182  0.058587  0.070234  0.081991  0.058650
  0.065368  0.057243  0.059891  0.058973  0.060301  0.062040  0.065520  0.065378  0.057089  0.059843  0.069531  0.066277  0.063937  0.068177  0.062086  0.058347
  0.060960  0.058740  0.062825  0.083504  0.060191  0.060215  0.065941  0.060085  0.057607  0.058904  0.062845  0.060416  0.060188  0.060997  0.064728  0.061854
  0.068479  0.058902  0.063394  0.071764  0.057581  0.058030  0.071123  0.066509  0.058255  0.062574  0.061150  0.060511  0.058462  0.060110  0.065909  0.057246
  0.062361  0.056743  0.067658  0.065079  0.064707  0.062741  0.059921  0.095587  0.057599  0.057397  0.058531  0.057567  0.058935  0.056347  0.062407  0.056419
  0.069928  0.057035  0.057146  0.066100  0.059847  0.058028  0.056319  0.086498  0.054571  0.056584  0.082470  0.059863  0.058782  0.058256  0.057814  0.060759
  0.057317  0.057252  0.059045  0.069911  0.064968  0.056185  0.054689  0.063746  0.058006  0.063680  0.098387  0.059405  0.056327  0.059434  0.054138  0.067510
  0.059870  0.069664  0.058000  0.058261  0.077419  0.054755  0.055783  0.062271  0.057017  0.062227  0.082162  0.057014  0.055381  0.064940  0.054248  0.070989
  0.056873  0.061789  0.057191  0.058577  0.075023  0.057755  0.057316  0.057704  0.057634  0.059664  0.058366  0.057153  0.059992  0.108152  0.056515  0.060296
  0.057459  0.055447  0.056144  0.055956  0.068064  0.055760  0.055497  0.057012  0.055881  0.059149  0.061536  0.059994  0.059498  0.128962  0.057146  0.056494
  0.056527  0.057986  0.059019  0.057000  0.065584  0.056894  0.057625  0.057368  0.057201  0.056460  0.057351  0.061506  0.057319  0.125623  0.058063  0.058475
  0.056469  0.057066  0.056600  0.056679  0.060202  0.056429  0.057754  0.056540  0.057386  0.056240  0.056727  0.062227  0.057165  0.139227  0.056791  0.056498
  0.057021  0.056740  0.059561  0.057791  0.057404  0.056381  0.057441  0.056241  0.057313  0.057123  0.060284  0.058972  0.056614  0.136514  0.057461  0.057137
  0.056538  0.055199  0.058587  0.059136  0.059229  0.056388  0.057470  0.054931  0.056868  0.058118  0.064256  0.057595  0.055388  0.137062  0.056160  0.057074
  0.056117  0.056475  0.054586  0.056066  0.061360  0.056762  0.057743  0.055930  0.055908  0.055153  0.065661  0.059071  0.058185  0.139400  0.056149  0.055434
  0.054444  0.057512  0.056930  0.053465  0.057791  0.054934  0.056667  0.056400  0.053742  0.054137  0.084918  0.056487  0.061997  0.129024  0.055288  0.056265
  0.059881  0.058811  0.068146  0.057126  0.062325  0.055223  0.055350  0.057208  0.054586  0.056732  0.067861  0.055749  0.063210  0.110674  0.058412  0.058704
  0.056249  0.066755  0.059393  0.058255  0.067078  0.055655  0.053992  0.057313  0.055480  0.055624  0.056792  0.057309  0.063263  0.102297  0.075351  0.059195
  0.057794  0.060435  0.054450  0.063332  0.070742  0.066843  0.053325  0.058249  0.054262  0.055204  0.056724  0.054212  0.060083  0.105968  0.069450  0.058926
  0.058723  0.069726  0.055084  0.064836  0.063302  0.077102  0.053473  0.062130  0.055022  0.054932  0.055229  0.057436  0.061937  0.084014  0.071935  0.055121
  0.064112  0.062161  0.057933  0.063891  0.059884  0.096818  0.054190  0.061969  0.055698  0.056747  0.056165  0.059457  0.062298  0.064042  0.068326  0.056309
  0.063675  0.057951  0.058046  0.060536  0.058447  0.112901  0.053952  0.061922  0.055028  0.057232  0.056838  0.058734  0.062651  0.062428  0.063783  0.055876
  0.059341  0.055917  0.057859  0.055840  0.058096  0.123667  0.053899  0.058681  0.054173  0.056366  0.055792  0.057581  0.062799  0.068791  0.065713  0.055486
  0.056145  0.058336  0.057015  0.052917  0.056057  0.121325  0.052670  0.056117  0.052924  0.055349  0.056917  0.056777  0.061535  0.063042  0.087773  0.055101
  0.057782  0.058444  0.055763  0.053719  0.055945  0.119012  0.052493  0.055997  0.053131  0.055663  0.060585  0.055336  0.061976  0.063502  0.082704  0.057949
  0.061455  0.061130  0.057768  0.053806  0.057942  0.106694  0.052826  0.055226  0.053943  0.056979  0.057483  0.055319  0.061299  0.067357  0.081528  0.059244
  0.058332  0.076979  0.055790  0.052900  0.061576  0.089077  0.054214  0.052671  0.053830  0.057116  0.055956  0.054226  0.062386  0.067725  0.088518  0.058704
  0.058980  0.067290  0.057291  0.053611  0.063683  0.087454  0.055104  0.053188  0.054548  0.058579  0.061349  0.053983  0.063438  0.070501  0.080364  0.060637
  0.059154  0.060035  0.057161  0.054403  0.063588  0.064743  0.057508  0.056271  0.055108  0.060411  0.074923  0.055747  0.064554  0.059290  0.097079  0.060026
  0.056873  0.055580  0.057433  0.052356  0.060560  0.070042  0.053695  0.058218  0.052449  0.053612  0.076057  0.052435  0.058505  0.090290  0.098962  0.052933
  0.055909  0.053177  0.056370  0.054723  0.061602  0.081648  0.052892  0.063460  0.052648  0.054112  0.061677  0.055356  0.059452  0.120936  0.062078  0.053961
  0.053200  0.053478  0.053273  0.070060  0.061066  0.097346  0.053364  0.057857  0.051704  0.053958  0.056475  0.058004  0.052955  0.112608  0.062809  0.051843
  0.054016  0.054568  0.052062  0.067980  0.060913  0.102517  0.055199  0.055650  0.053313  0.057671  0.057498  0.063977  0.053968  0.103852  0.054120  0.052696
  0.055040  0.053451  0.051811  0.073935  0.059414  0.105865  0.054058  0.053068  0.052620  0.057171  0.068179  0.064105  0.053561  0.092601  0.053261  0.051861
  0.054743  0.055189  0.055545  0.071103  0.054504  0.109449  0.053347  0.051322  0.053239  0.054224  0.078323  0.056144  0.058691  0.075542  0.066214  0.052422
  0.059361  0.053662  0.057819  0.083039  0.053577  0.106173  0.051333  0.051579  0.053671  0.052217  0.080453  0.053548  0.063284  0.055224  0.073017  0.052043
  0.056761  0.055104  0.063832  0.072189  0.067185  0.065713  0.055513  0.054696  0.056274  0.061991  0.056051  0.054091  0.063130  0.058959  0.103875  0.054637
  0.060131  0.064273  0.061066  0.053514  0.086129  0.056220  0.054948  0.054343  0.056285  0.080307  0.060741  0.054296  0.056525  0.076603  0.066661  0.057959
  0.064160  0.054896  0.057533  0.055483  0.102410  0.055555  0.057568  0.059269  0.056291  0.066079  0.056478  0.056936  0.057269  0.076988  0.059246  0.063839
  0.056035  0.056771  0.056933  0.056049  0.105805  0.057005  0.058496  0.055688  0.056068  0.075771  0.055393  0.056380  0.055696  0.078436  0.057805  0.061669
  0.056582  0.057210  0.057955  0.056619  0.110786  0.060648  0.059129  0.057510  0.057306  0.059794  0.056443  0.059755  0.056621  0.077353  0.059354  0.056937
  0.055718  0.056606  0.056950  0.056351  0.108807  0.056756  0.056469  0.056742  0.057478  0.059103  0.056091  0.056717  0.056401  0.096491  0.056243  0.057077
  0.055563  0.055977  0.056112  0.055870  0.107746  0.055541  0.056336  0.055087  0.057128  0.058304  0.055862  0.056081  0.055743  0.107930  0.055210  0.055511
  0.056822  0.055978  0.056202  0.056141  0.108395  0.055484  0.056229  0.055092  0.056027  0.056985  0.057947  0.055700  0.055893  0.106007  0.054750  0.056349
  0.056620  0.055205  0.055805  0.055639  0.108020  0.055075  0.055735  0.054278  0.055181  0.056814  0.058902  0.055824  0.056033  0.110542  0.054318  0.056010
  0.057603  0.056393  0.056806  0.056334  0.110140  0.056080  0.056368  0.054836  0.055934  0.058767  0.059168  0.057287  0.058234  0.093848  0.055617  0.056584
  0.058939  0.057648  0.057019  0.056080  0.114887  0.056650  0.057414  0.058337  0.056409  0.058743  0.059310  0.057724  0.058688  0.078345  0.056169  0.057638
  0.059044  0.058842  0.058047  0.056589  0.113767  0.057963  0.058172  0.058260  0.057881  0.060989  0.058689  0.058157  0.059007  0.069115  0.057656  0.057820
  0.059213  0.059219  0.058994  0.056748  0.113330  0.058503  0.057596  0.056595  0.058182  0.061850  0.057665  0.057938  0.058133  0.070723  0.057902  0.057408
  0.057438  0.057807  0.058116  0.056374  0.110771  0.056969  0.056387  0.055469  0.057177  0.063553  0.056366  0.058022  0.057427  0.085522  0.056513  0.056091
  0.055664  0.056179  0.056342  0.055646  0.108537  0.056528  0.055634  0.056387  0.056799  0.063515  0.056403  0.056850  0.055754  0.098721  0.055693  0.055347
  0.054252  0.054770  0.054596  0.054877  0.101316  0.055003  0.055103  0.054485  0.055262  0.059522  0.054615  0.055872  0.055126  0.126386  0.054176  0.054637
  0.054777  0.055813  0.055252  0.055165  0.088279  0.055311  0.056641  0.054579  0.055710  0.057137  0.055049  0.055620  0.056210  0.135113  0.054727  0.054616
  0.055376  0.056001  0.055481  0.055546  0.078105  0.055710  0.057835  0.055145  0.056246  0.055403  0.055360  0.056315  0.057197  0.139558  0.055673  0.055051
  0.055836  0.056764  0.055835  0.056194  0.069492  0.055933  0.058654  0.055603  0.056673  0.055714  0.055736  0.057716  0.057198  0.140817  0.056257  0.055578
  0.056392  0.056772  0.056276  0.056579  0.061364  0.056317  0.058834  0.055995  0.057326  0.056239  0.056861  0.058082  0.057468  0.141832  0.057124  0.056540
  0.056797  0.056851  0.057348  0.057673  0.057281  0.056842  0.057867  0.056009  0.057062  0.056585  0.057433  0.057960  0.057436  0.141877  0.057978  0.057001
  0.056550  0.056881  0.057539  0.058032  0.057463  0.056981  0.057432  0.055968  0.057046  0.056847  0.057896  0.057886  0.057568  0.140955  0.057849  0.057108
  0.056607  0.057266  0.057521  0.057341  0.059131  0.056979  0.057749  0.056344  0.056870  0.056542  0.056723  0.057193  0.057907  0.142030  0.057069  0.056728
  0.056774  0.057023  0.057247  0.057352  0.059461  0.056901  0.057738  0.056391  0.056875  0.056343  0.056876  0.057095  0.057873  0.142173  0.057424  0.056453
  0.056847  0.056770  0.057267  0.057108  0.059581  0.056737  0.057987  0.056414  0.056906  0.056209  0.056879  0.057020  0.057522  0.142674  0.057744  0.056334
  0.056781  0.056689  0.057288  0.057068  0.058785  0.056571  0.057900  0.056399  0.056766  0.055918  0.057855  0.057236  0.057364  0.143252  0.057704  0.056423
  0.056828  0.056616  0.058013  0.057238  0.057434  0.056969  0.057609  0.056210  0.056813  0.056182  0.057697  0.057334  0.057660  0.142840  0.057945  0.056612
  0.056756  0.056542  0.058306  0.057475  0.057039  0.057166  0.057381  0.056074  0.056793  0.056597  0.057246  0.057430  0.057680  0.142714  0.057933  0.056868
  0.056632  0.056553  0.058272  0.058001  0.057193  0.057170  0.057277  0.055987  0.056796  0.056642  0.057093  0.057369  0.057662  0.142577  0.057962  0.056813
  0.056367  0.056819  0.057766  0.057881  0.059422  0.057037  0.057163  0.056033  0.057104  0.056865  0.057677  0.057152  0.057630  0.140435  0.057892  0.056757
  0.056372  0.056056  0.058232  0.060957  0.066464  0.056229  0.057034  0.056781  0.056820  0.055558  0.059943  0.056379  0.056432  0.134181  0.056113  0.056447
  0.058465  0.055325  0.058444  0.055715  0.078522  0.056227  0.055879  0.055697  0.055104  0.055466  0.056201  0.055645  0.057080  0.134548  0.056936  0.054744
  0.055956  0.056261  0.056733  0.054716  0.071967  0.077135  0.055356  0.057570  0.055471  0.058519  0.065293  0.058867  0.058407  0.103096  0.058286  0.056367
  0.055832  0.086025  0.057102  0.056230  0.076363  0.078933  0.057845  0.057968  0.057046  0.055931  0.057312  0.057272  0.061329  0.067953  0.057235  0.059624
  0.055913  0.067437  0.056263  0.056043  0.074481  0.118646  0.056108  0.056001  0.056151  0.055197  0.055225  0.058439  0.057392  0.065256  0.054988  0.056460
  0.057356  0.059374  0.055873  0.057976  0.067162  0.134693  0.055473  0.057040  0.057184  0.056280  0.056752  0.056078  0.057576  0.057425  0.057392  0.056365
  0.055885  0.060838  0.055899  0.056422  0.072318  0.123420  0.057138  0.056029  0.060156  0.055536  0.056824  0.059634  0.057805  0.057451  0.057036  0.057610
  0.058174  0.060597  0.059613  0.058100  0.088473  0.076502  0.059641  0.058945  0.059204  0.060217  0.057104  0.058642  0.062054  0.058580  0.063544  0.060608
  0.059007  0.058601  0.069443  0.057574  0.107317  0.063657  0.057696  0.056696  0.058812  0.057543  0.058180  0.058537  0.057317  0.057746  0.064007  0.057866
  0.058472  0.057173  0.057377  0.057974  0.109715  0.059541  0.058208  0.057966  0.057751  0.061732  0.060954  0.063659  0.060198  0.059855  0.060926  0.058500
  0.056981  0.058067  0.057075  0.058225  0.111021  0.057073  0.059262  0.059543  0.057354  0.060799  0.061596  0.067969  0.058889  0.060551  0.056830  0.058766
  0.061838  0.059431  0.059436  0.058645  0.105058  0.057948  0.059103  0.057426  0.058455  0.060967  0.057737  0.063012  0.058107  0.063902  0.059802  0.059132
  0.060526  0.057598  0.057517  0.056154  0.109752  0.060615  0.058633  0.055719  0.057637  0.062803  0.060286  0.058945  0.056077  0.064638  0.066390  0.056711
  0.054144  0.056622  0.057582  0.055928  0.109429  0.059533  0.057324  0.056576  0.057015  0.072017  0.063423  0.058264  0.054520  0.067524  0.064612  0.055486
  0.060391  0.064002  0.072009  0.055211  0.083150  0.056985  0.060565  0.055609  0.055943  0.065762  0.061898  0.062807  0.057190  0.075830  0.056415  0.056233
  0.057078  0.067442  0.058767  0.061819  0.075393  0.058083  0.058096  0.059035  0.057540  0.058096  0.056985  0.060560  0.059786  0.095548  0.059755  0.056016
  0.057178  0.107479  0.053330  0.058939  0.067902  0.058194  0.054641  0.054941  0.053985  0.058195  0.069009  0.066165  0.054987  0.063541  0.067527  0.053986
  0.057657  0.076826  0.058969  0.057737  0.063972  0.060490  0.058259  0.059839  0.057407  0.066484  0.070440  0.075505  0.059496  0.058445  0.059726  0.058747
  0.053970  0.103692  0.065185  0.055440  0.054621  0.054367  0.053871  0.059206  0.053869  0.096368  0.071297  0.056148  0.056394  0.056470  0.053989  0.055112
  0.055699  0.086160  0.061792  0.060045  0.056810  0.056075  0.056991  0.059338  0.054882  0.063274  0.079129  0.081646  0.059063  0.056446  0.057042  0.055608
  0.053063  0.093171  0.062240  0.055617  0.054394  0.051954  0.052378  0.054699  0.052457  0.107652  0.058895  0.081432  0.055513  0.058575  0.054455  0.053504
  0.057391  0.087072  0.056195  0.053023  0.052434  0.052327  0.053169  0.057363  0.053838  0.131665  0.075639  0.053126  0.053318  0.053012  0.056130  0.054299
  0.054297  0.089138  0.056432  0.053418  0.054408  0.053985  0.053755  0.061125  0.054201  0.096175  0.094388  0.056232  0.056785  0.053087  0.053677  0.058896
  0.056171  0.075759  0.061911  0.054498  0.059245  0.053272  0.053553  0.059990  0.056104  0.055247  0.097729  0.066487  0.054504  0.059195  0.064917  0.071419
  0.053957  0.054554  0.054689  0.054529  0.079764  0.054548  0.055075  0.055742  0.054266  0.061132  0.057446  0.063360  0.056978  0.131557  0.055849  0.056553
  0.054852  0.057343  0.055400  0.054945  0.091417  0.054853  0.055369  0.054544  0.054588  0.055415  0.055205  0.054738  0.054885  0.133949  0.056390  0.056105
  0.054018  0.060474  0.055651  0.054914  0.089445  0.055176  0.055612  0.054217  0.055262  0.063998  0.055509  0.054783  0.053948  0.122845  0.057593  0.056554
  0.055654  0.055670  0.057178  0.055811  0.083623  0.056387  0.056004  0.055389  0.056825  0.056842  0.058166  0.056743  0.056321  0.125437  0.057098  0.056850
  0.055113  0.055315  0.055856  0.055601  0.091986  0.055827  0.056493  0.055738  0.057218  0.057806  0.056916  0.056456  0.055912  0.122225  0.055660  0.055877
  0.055008  0.055022  0.055320  0.055006  0.096521  0.055495  0.055775  0.055250  0.056392  0.059163  0.056951  0.056344  0.055681  0.121189  0.055087  0.055795
  0.055669  0.054077  0.054598  0.054430  0.102716  0.055121  0.055445  0.054531  0.054858  0.055468  0.055985  0.056461  0.055756  0.126469  0.054035  0.054382
  0.055556  0.054633  0.056169  0.054087  0.102340  0.058650  0.054420  0.054332  0.053649  0.053917  0.053383  0.056230  0.056473  0.128266  0.053880  0.054015
  0.054585  0.057358  0.060130  0.054144  0.095902  0.058775  0.054857  0.054414  0.053493  0.055137  0.054631  0.056284  0.057319  0.123220  0.053464  0.056286
  0.054814  0.064853  0.060741  0.054615  0.095201  0.061969  0.055410  0.053329  0.053835  0.053842  0.054521  0.060816  0.056172  0.110314  0.053696  0.055871
  0.057721  0.059332  0.059043  0.057243  0.096564  0.061613  0.056819  0.055094  0.054041  0.055962  0.055726  0.056766  0.055245  0.106617  0.053837  0.058376
  0.057287  0.055117  0.055557  0.054786  0.101074  0.057953  0.053081  0.055415  0.052804  0.056255  0.060993  0.063112  0.054866  0.108479  0.056186  0.057035
  0.054082  0.053320  0.065315  0.057510  0.100546  0.055744  0.052937  0.055646  0.052316  0.054426  0.059310  0.061845  0.054559  0.115564  0.052351  0.054530
  0.054443  0.055186  0.067113  0.055285  0.099329  0.056203  0.053184  0.054105  0.053604  0.055871  0.060211  0.061916  0.053855  0.111751  0.053078  0.054869
  0.054600  0.055835  0.062444  0.056165  0.095838  0.057390  0.054602  0.053729  0.054392  0.054351  0.056976  0.059105  0.054202  0.122665  0.053912  0.053794
  0.053942  0.054896  0.057432  0.056061  0.093914  0.056396  0.055535  0.054493  0.056229  0.054721  0.055983  0.058555  0.054768  0.126909  0.054525  0.055640
  0.054312  0.055125  0.055090  0.055750  0.091430  0.055830  0.056082  0.055056  0.055721  0.056721  0.057791  0.056584  0.055158  0.129412  0.055043  0.054893
  0.054990  0.055360  0.055990  0.055746  0.089121  0.055579  0.056261  0.055474  0.056222  0.056950  0.056303  0.056319  0.056011  0.128678  0.055534  0.055462
  0.055245  0.055363  0.056921  0.055418  0.084377  0.055777  0.056087  0.055168  0.056693  0.057124  0.056756  0.056110  0.055991  0.131181  0.056177  0.055611
  0.055525  0.055355  0.057225  0.055556  0.084674  0.056072  0.055696  0.055044  0.056738  0.056615  0.056830  0.056872  0.056167  0.128345  0.057259  0.056027
  0.055653  0.055343  0.057495  0.055792  0.086379  0.056168  0.056144  0.055603  0.056700  0.057030  0.056037  0.056789  0.056467  0.124584  0.057812  0.056005
  0.058523  0.055895  0.137710  0.054018  0.058363  0.055000  0.056315  0.055046  0.054767  0.078874  0.057638  0.057663  0.054927  0.055066  0.054520  0.055676
  0.059295  0.056103  0.137745  0.054861  0.060444  0.055127  0.056203  0.054923  0.055157  0.072862  0.058466  0.057680  0.055252  0.055338  0.054783  0.055762
  0.059205  0.056738  0.139409  0.055277  0.055842  0.054257  0.056307  0.054545  0.054656  0.077308  0.056761  0.058772  0.055255  0.055427  0.055533  0.054706
  0.056506  0.055558  0.139533  0.054963  0.054878  0.054687  0.055881  0.054052  0.054384  0.085047  0.056792  0.058674  0.054637  0.055013  0.054632  0.054763
  0.055779  0.056198  0.137917  0.055571  0.054930  0.054753  0.055631  0.054998  0.054782  0.086707  0.058008  0.055604  0.054766  0.054173  0.055261  0.054921
  0.056957  0.060687  0.133256  0.056552  0.056730  0.056169  0.056209  0.055843  0.056187  0.070432  0.061307  0.057505  0.056011  0.055122  0.055628  0.055405
  0.057418  0.066320  0.133569  0.063873  0.056723  0.056464  0.056771  0.057645  0.055812  0.061298  0.057215  0.055710  0.054979  0.054172  0.056194  0.055838
  0.054587  0.104478  0.115826  0.056274  0.053777  0.056102  0.053674  0.055503  0.053310  0.057557  0.056305  0.062671  0.056387  0.054350  0.054472  0.054730
  0.062008  0.121433  0.084326  0.055285  0.055651  0.053528  0.052893  0.052509  0.053222  0.058207  0.058983  0.071214  0.054613  0.053664  0.056412  0.056050
  0.061027  0.062244  0.071561  0.067313  0.060653  0.061231  0.059196  0.057335  0.057886  0.064080  0.060804  0.066992  0.070276  0.061504  0.059245  0.058653
  0.064030  0.069776  0.064754  0.062150  0.060783  0.062908  0.060424  0.060434  0.059822  0.060362  0.059575  0.062482  0.063076  0.061607  0.064465  0.063352
  0.063252  0.059038  0.058216  0.060312  0.057066  0.113234  0.054301  0.054780  0.054996  0.054163  0.056136  0.055006  0.055819  0.059875  0.086749  0.057058
  0.059556  0.056469  0.055939  0.052832  0.054983  0.127671  0.053340  0.053077  0.054829  0.052522  0.068378  0.052338  0.054985  0.056555  0.090806  0.055722
  0.055114  0.053165  0.053882  0.052837  0.053934  0.098740  0.055594  0.055871  0.053942  0.055127  0.060170  0.055144  0.055099  0.054180  0.123712  0.063490
  0.057652  0.054494  0.053024  0.054758  0.059804  0.087581  0.055669  0.054624  0.052471  0.057064  0.062655  0.056145  0.054112  0.067420  0.112931  0.059594
  0.058385  0.057061  0.055378  0.055670  0.059658  0.074674  0.054948  0.055170  0.056006  0.055886  0.072712  0.055509  0.056002  0.057160  0.120151  0.055628
  0.054594  0.060879  0.056300  0.055430  0.061081  0.066405  0.053953  0.054336  0.053887  0.056149  0.061426  0.056568  0.074537  0.058166  0.119807  0.056483
  0.057006  0.058509  0.058192  0.054448  0.065017  0.066443  0.055429  0.055444  0.053869  0.055850  0.055032  0.057157  0.061722  0.060060  0.128182  0.057641
  0.058634  0.056010  0.058463  0.054639  0.063489  0.067428  0.055795  0.055458  0.054606  0.057512  0.054977  0.057876  0.058929  0.056738  0.128331  0.061115
  0.060685  0.059142  0.061456  0.058092  0.061209  0.064223  0.058600  0.061044  0.057883  0.068178  0.058752  0.061686  0.062624  0.058568  0.088899  0.058959
  0.061713  0.062530  0.062749  0.058836  0.061527  0.059930  0.058977  0.064257  0.058628  0.067404  0.063023  0.065868  0.068218  0.060161  0.064871  0.061308
  0.066905  0.058109  0.060006  0.061183  0.059528  0.057809  0.068223  0.071010  0.059172  0.058786  0.063529  0.069659  0.064884  0.060087  0.060592  0.060517
  0.064290  0.057354  0.057358  0.060005  0.056390  0.059791  0.082743  0.076861  0.058943  0.074587  0.058063  0.059538  0.061225  0.061520  0.056118  0.055215
  0.061460  0.059174  0.057193  0.062604  0.056238  0.060267  0.074855  0.070437  0.056829  0.085685  0.062147  0.060375  0.062745  0.058102  0.056219  0.055672
  0.061140  0.056543  0.062512  0.061945  0.058574  0.067612  0.079580  0.063246  0.060242  0.064461  0.060057  0.064469  0.061257  0.059476  0.060483  0.058404
  0.053850  0.053816  0.064322  0.057240  0.061359  0.115062  0.061373  0.060585  0.061488  0.058457  0.055545  0.066692  0.058016  0.060130  0.058174  0.053891
  0.054899  0.054309  0.056228  0.070251  0.056395  0.101991  0.059859  0.062859  0.057542  0.057766  0.055509  0.057897  0.063863  0.069237  0.064625  0.056769
  0.056351  0.056015  0.056480  0.061280  0.056471  0.106293  0.054903  0.065305  0.055398  0.054483  0.056284  0.067405  0.059461  0.060624  0.073022  0.060226
  0.054327  0.054374  0.054114  0.055202  0.055026  0.100549  0.053940  0.060271  0.053812  0.057581  0.057804  0.067114  0.055849  0.056065  0.109542  0.054428
  0.053725  0.052931  0.052451  0.052579  0.055548  0.117627  0.054208  0.055271  0.052402  0.055511  0.055488  0.056801  0.056117  0.054714  0.120359  0.054267
  0.052512  0.052189  0.051928  0.051548  0.056866  0.122499  0.054213  0.052129  0.051057  0.054052  0.054258  0.056553  0.055243  0.055954  0.124528  0.054470
  0.053871  0.054176  0.053839  0.052299  0.054456  0.098476  0.056578  0.054445  0.052421  0.053578  0.053578  0.055023  0.058855  0.063797  0.130259  0.054349
  0.053717  0.053686  0.056324  0.053505  0.056265  0.097019  0.057781  0.056127  0.053862  0.054411  0.053539  0.054641  0.061995  0.059672  0.120335  0.057120
  0.061020  0.060440  0.059551  0.054405  0.060416  0.083862  0.056252  0.057429  0.054179  0.055637  0.056146  0.056410  0.060688  0.060660  0.102036  0.060868
  0.059255  0.067972  0.059573  0.063772  0.055683  0.075949  0.062072  0.055465  0.057767  0.059203  0.055565  0.055515  0.063222  0.056748  0.089971  0.062267
  0.059420  0.069792  0.061204  0.091894  0.055611  0.059980  0.068914  0.057526  0.057740  0.062247  0.055567  0.060102  0.059808  0.056914  0.064557  0.058724
  0.057559  0.054174  0.059435  0.113821  0.055268  0.055928  0.094993  0.063704  0.054613  0.059502  0.053982  0.055228  0.056290  0.056734  0.054828  0.053939
  0.054813  0.063115  0.052047  0.123553  0.054219  0.058851  0.078816  0.064060  0.052093  0.060038  0.054782  0.064597  0.053806  0.055052  0.051447  0.058712
  0.058334  0.072006  0.050227  0.115047  0.065476  0.053669  0.066086  0.053038  0.049847  0.063487  0.080411  0.051349  0.051579  0.052387  0.052202  0.064855
  0.059876  0.062369  0.057026  0.112960  0.068837  0.054726  0.068968  0.058332  0.051470  0.058085  0.072757  0.056357  0.055705  0.051844  0.055419  0.055270
  0.054233  0.081666  0.062775  0.069118  0.057369  0.053244  0.080536  0.062254  0.058642  0.055357  0.065820  0.056437  0.057167  0.055564  0.060209  0.069608
  0.053437  0.056783  0.073129  0.060314  0.069509  0.053721  0.057146  0.064503  0.059892  0.056561  0.054762  0.057020  0.060711  0.088756  0.054433  0.079324
  0.056005  0.062887  0.062355  0.054587  0.077457  0.055219  0.055195  0.057609  0.055258  0.061902  0.055297  0.058897  0.058588  0.111915  0.055664  0.061164
  0.056766  0.057019  0.055866  0.057135  0.073161  0.055425  0.056186  0.057240  0.055713  0.056401  0.056366  0.058981  0.056984  0.129679  0.056386  0.060692
  0.055460  0.057058  0.057508  0.056991  0.063917  0.055744  0.056547  0.055492  0.057216  0.056241  0.059401  0.062709  0.057335  0.133569  0.056727  0.058085
  0.056343  0.058214  0.056526  0.057883  0.058058  0.056946  0.057899  0.056487  0.057016  0.056229  0.056876  0.062797  0.057440  0.137601  0.057198  0.056487
  0.057299  0.056442  0.057245  0.056925  0.061800  0.057116  0.056581  0.056059  0.058099  0.057657  0.058490  0.059123  0.056873  0.136274  0.056918  0.057101
  0.055351  0.055456  0.056757  0.055221  0.070328  0.057751  0.056224  0.055176  0.055887  0.061205  0.063253  0.056368  0.054700  0.136259  0.054686  0.055379
  0.056813  0.055405  0.059266  0.058364  0.068180  0.056548  0.056960  0.055595  0.055082  0.056743  0.059570  0.057136  0.056448  0.135646  0.055625  0.056620
  0.055798  0.082214  0.056920  0.055532  0.061862  0.056995  0.055760  0.063455  0.055247  0.057646  0.058321  0.056797  0.059434  0.112526  0.055950  0.055543
  0.057871  0.063887  0.057955  0.059810  0.063830  0.070606  0.058813  0.062420  0.057412  0.058105  0.058515  0.059238  0.060360  0.097135  0.056600  0.057442
  0.058651  0.062829  0.058220  0.074816  0.064401  0.070587  0.057033  0.057054  0.056761  0.057050  0.060931  0.064499  0.058774  0.081989  0.059198  0.057206
  0.055981  0.054338  0.060736  0.072681  0.057073  0.106149  0.055515  0.056436  0.054618  0.061038  0.057344  0.062435  0.058619  0.064711  0.065064  0.057262
  0.058721  0.059038  0.057072  0.060920  0.057288  0.120082  0.055767  0.055368  0.054946  0.059370  0.056545  0.067364  0.057228  0.060144  0.063515  0.056632
  0.055933  0.057089  0.075681  0.060926  0.054655  0.126554  0.053767  0.054081  0.053756  0.057739  0.054319  0.062683  0.056001  0.061890  0.058826  0.056098
  0.056090  0.055574  0.070805  0.062003  0.055277  0.131883  0.053777  0.053739  0.053843  0.058250  0.054843  0.059601  0.056506  0.062938  0.058033  0.056837
  0.055757  0.055448  0.061554  0.059784  0.056054  0.136427  0.054920  0.054563  0.054685  0.060498  0.055112  0.057779  0.058506  0.059748  0.061674  0.057493
  0.055332  0.055755  0.059588  0.056717  0.056581  0.138641  0.055182  0.055951  0.055351  0.060580  0.055005  0.055799  0.058804  0.057882  0.065075  0.057759
  0.055102  0.056671  0.058187  0.055850  0.056252  0.138987  0.054965  0.054966  0.054726  0.060256  0.054664  0.054602  0.057297  0.056299  0.072580  0.058597
  0.054480  0.055274  0.055813  0.055479  0.055927  0.137771  0.054192  0.054714  0.054075  0.057686  0.053862  0.054456  0.056540  0.055400  0.087003  0.057328
  0.053638  0.052551  0.054530  0.052838  0.053643  0.134147  0.052715  0.053859  0.053163  0.055806  0.053190  0.053046  0.056635  0.054090  0.111264  0.054884
  0.053235  0.053471  0.056999  0.052434  0.052614  0.132891  0.053062  0.053644  0.052861  0.055148  0.053966  0.052674  0.056586  0.054228  0.111809  0.054377
  0.052432  0.054156  0.060058  0.052188  0.052184  0.131167  0.053951  0.052403  0.052198  0.053630  0.055643  0.051817  0.053340  0.053785  0.117392  0.053657
  0.053964  0.056708  0.057895  0.051926  0.052534  0.129027  0.054904  0.052459  0.052932  0.054209  0.052913  0.052055  0.053574  0.054400  0.116270  0.054231
  0.056215  0.059752  0.058812  0.053789  0.055615  0.120348  0.055645  0.053914  0.054383  0.058210  0.055097  0.055319  0.055372  0.057803  0.092516  0.057211
  0.054633  0.057738  0.059846  0.054670  0.054971  0.124709  0.056719  0.054872  0.054693  0.057944  0.056059  0.059792  0.057095  0.055863  0.080552  0.059843
  0.060829  0.056389  0.057954  0.057371  0.057383  0.120721  0.057399  0.055614  0.056183  0.059343  0.056304  0.062814  0.061590  0.058665  0.060840  0.060600
  0.061731  0.063979  0.055771  0.056352  0.057258  0.126299  0.055777  0.056124  0.056102  0.058850  0.056006  0.061913  0.060498  0.057961  0.056744  0.058635
  0.063479  0.058838  0.057683  0.058625  0.055364  0.121645  0.054503  0.055975  0.056141  0.058827  0.057412  0.058592  0.061298  0.056680  0.061388  0.063551
  0.056953  0.056516  0.059614  0.056901  0.055701  0.122932  0.053541  0.060165  0.056032  0.056550  0.072681  0.056437  0.061419  0.059204  0.055438  0.059915
  0.055492  0.056160  0.064700  0.063533  0.061775  0.102701  0.057654  0.065249  0.058124  0.060198  0.059259  0.055579  0.067216  0.056630  0.057073  0.058659
  0.071642  0.059030  0.057987  0.058887  0.071762  0.061989  0.056959  0.057747  0.057947  0.078039  0.066396  0.057033  0.065497  0.056908  0.064031  0.058145
  0.061688  0.056023  0.062644  0.056468  0.103020  0.057953  0.057603  0.059799  0.058692  0.067676  0.060812  0.056958  0.058482  0.060101  0.058475  0.063609
  0.056296  0.057277  0.056826  0.056523  0.111486  0.056527  0.058587  0.057666  0.056423  0.067829  0.055982  0.059730  0.057773  0.074717  0.057276  0.059083
  0.056391  0.057114  0.059804  0.056505  0.112119  0.057599  0.056244  0.058143  0.056491  0.058085  0.057626  0.061616  0.056080  0.081819  0.056649  0.057715
  0.055948  0.057638  0.057334  0.057462  0.107454  0.058125  0.057088  0.058436  0.058917  0.060312  0.056875  0.059374  0.056447  0.083243  0.057310  0.058038
  0.055141  0.055676  0.055904  0.055740  0.107846  0.055270  0.056312  0.054986  0.057012  0.058593  0.056445  0.056105  0.055541  0.109034  0.054899  0.055496
  0.056851  0.055377  0.055540  0.055580  0.106044  0.054981  0.055778  0.054531  0.055291  0.056528  0.057551  0.055250  0.055278  0.115052  0.054173  0.056195
  0.056682  0.055242  0.055685  0.055646  0.108105  0.055062  0.055737  0.054250  0.055091  0.056694  0.058393  0.055608  0.055836  0.111770  0.054184  0.056015
  0.057732  0.056616  0.056650  0.056504  0.110425  0.056169  0.056048  0.054909  0.055838  0.058520  0.058379  0.056769  0.057913  0.095456  0.055505  0.056568
  0.059144  0.056723  0.056366  0.055080  0.113064  0.055746  0.055925  0.057654  0.055442  0.057055  0.058222  0.056694  0.057248  0.093841  0.055196  0.056598
  0.058385  0.058696  0.058346  0.056316  0.116618  0.058238  0.057453  0.057263  0.058301  0.058701  0.058792  0.057627  0.058052  0.072207  0.057583  0.057423
  0.058871  0.060436  0.058769  0.056693  0.114186  0.058470  0.057098  0.056633  0.057899  0.062053  0.057217  0.057769  0.058305  0.070771  0.057782  0.057048
  0.057960  0.059268  0.057751  0.056196  0.113408  0.056726  0.056559  0.055179  0.056797  0.060990  0.056975  0.057612  0.056902  0.084012  0.056652  0.057013
  0.055718  0.056776  0.056614  0.055983  0.112575  0.056291  0.055676  0.057718  0.057424  0.060713  0.056346  0.057272  0.055357  0.093053  0.055765  0.056719
  0.054285  0.054409  0.054518  0.054889  0.104352  0.055602  0.054982  0.055427  0.056657  0.058785  0.055316  0.056780  0.054662  0.119231  0.054492  0.055611
  0.054586  0.055207  0.056101  0.054961  0.089308  0.055205  0.056383  0.054769  0.055911  0.058540  0.055246  0.056208  0.056102  0.132183  0.054599  0.054691
  0.055273  0.056268  0.055830  0.055924  0.077413  0.055536  0.057812  0.055237  0.056590  0.056173  0.055637  0.056743  0.056832  0.138172  0.055404  0.055156
  0.055860  0.056842  0.055943  0.056460  0.068604  0.055890  0.058845  0.055636  0.056783  0.055989  0.055823  0.057493  0.057239  0.140825  0.056101  0.055669
  0.056535  0.056969  0.056275  0.056662  0.060202  0.056390  0.058894  0.055970  0.057286  0.056697  0.056861  0.057683  0.057808  0.142011  0.057259  0.056499
  0.056822  0.056830  0.057983  0.057839  0.057376  0.056805  0.057692  0.055935  0.056957  0.056681  0.057313  0.057727  0.057734  0.141905  0.057732  0.056669
  0.056611  0.056760  0.059054  0.057847  0.057485  0.057087  0.057378  0.055935  0.056790  0.056623  0.057733  0.057601  0.057982  0.141078  0.057361  0.056678
  0.056651  0.056987  0.058374  0.057581  0.058105  0.056819  0.057477  0.056332  0.056701  0.056133  0.058039  0.057821  0.057997  0.141536  0.056840  0.056606
  0.056833  0.057187  0.057648  0.057289  0.058764  0.056970  0.057764  0.056530  0.056932  0.056268  0.056929  0.057446  0.057851  0.142019  0.057096  0.056474
  0.056983  0.056731  0.057419  0.056901  0.058638  0.056839  0.057939  0.056542  0.057004  0.056168  0.057121  0.057381  0.057653  0.142688  0.057444  0.056549
  0.056902  0.056517  0.057395  0.056787  0.058388  0.056692  0.057911  0.056522  0.056852  0.056032  0.057680  0.057391  0.057530  0.143278  0.057519  0.056605
  0.056866  0.056554  0.058236  0.057166  0.057252  0.057171  0.057627  0.056186  0.056867  0.056284  0.057320  0.057440  0.057788  0.142553  0.057955  0.056735
  0.056743  0.056676  0.058147  0.057674  0.057038  0.057253  0.057444  0.056045  0.056851  0.056615  0.056932  0.057476  0.057669  0.142559  0.057912  0.056964
  0.056584  0.056675  0.058018  0.058425  0.057372  0.057237  0.057349  0.055990  0.056878  0.056555  0.056842  0.057434  0.057570  0.142280  0.058037  0.056754
  0.056236  0.056945  0.057614  0.058072  0.060778  0.057098  0.057213  0.055979  0.057147  0.056664  0.057516  0.057187  0.057428  0.139727  0.057842  0.056555
  0.056665  0.056624  0.059534  0.060555  0.069075  0.056281  0.057270  0.055543  0.056894  0.055895  0.059888  0.056738  0.055965  0.129798  0.056412  0.056864
  0.059516  0.054503  0.057376  0.056355  0.083199  0.056861  0.054980  0.055336  0.055134  0.055999  0.058663  0.055246  0.057095  0.129819  0.055641  0.054277
  0.057822  0.055396  0.056853  0.054727  0.075859  0.073664  0.055281  0.060012  0.055536  0.059738  0.065095  0.057151  0.056972  0.102565  0.056945  0.056382
